-1, 1, 116, 2, 4.627296
-1, 1, 131, 2, 8.277628
-1, 1, 184, 3, 16.581491
-1, 1, 172, 3, 17.511109
-1, 1, 236, 3, 41.803306
-1, 3, 184, 3, 6.588028
-1, 3, 179, 3, 13.203109
-1, 1, 133, 2, 7.233772
-1, 1, 156, 3, 39.178641
-1, 3, 186, 3, 7.016024
-1, 3, 170, 3, 5.970222
-1, 3, 170, 3, 6.077059
-1, 1, 170, 3, 19.356252
-1, 3, 179, 3, 9.774404
-1, 3, 190, 3, 6.90167
-1, 3, 153, 3, 6.850611
-1, 1, 237, 3, 29.402032
-1, 3, 195, 3, 8.332447
-1, 3, 180, 3, 18.15803
-1, 4, 179, 3, 12.888349
-1, 1, 155, 3, 27.435203
-1, 3, 194, 3, 9.552675
-1, 3, 187, 3, 6.949027
-1, 3, 187, 3, 11.280552
-1, 1, 230, 3, 30.154238
-1, 3, 173, 3, 7.184985
-1, 3, 198, 2, 26.242752
-1, 1, 173, 3, 16.685843
-1, 3, 172, 3, 5.357281
-1, 3, 169, 3, 6.738582
-1, 3, 174, 3, 10.108957
-1, 2, 193, 3, 22.556806
-1, 3, 169, 3, 4.931775
-1, 3, 182, 3, 7.039489
-1, 4, 193, 4, 14.988285
-1, 3, 164, 3, 7.475547
-1, 4, 174, 3, 8.300488
-1, 3, 178, 3, 7.19057
-1, 1, 250, 3, 80.174588
-1, 4, 182, 3, 10.690663
-1, 1, 115, 2, 3.942395
-1, 3, 190, 3, 8.38311
-1, 1, 131, 2, 6.961723
-1, 3, 168, 3, 7.115317
-1, 4, 175, 3, 8.215591
-1, 3, 195, 3, 8.453597
-1, 4, 186, 3, 9.963567
-1, 3, 178, 3, 7.693396
-1, 3, 159, 3, 5.707073
-1, 3, 176, 3, 6.684044
-1, 3, 197, 3, 9.277244
-1, 3, 172, 3, 6.968194
-1, 1, 115, 2, 2.77318
-1, 3, 169, 3, 22.491169
-1, 4, 194, 3, 10.596151
-1, 2, 192, 3, 18.627873
-1, 1, 115, 2, 2.922473
-1, 3, 168, 3, 22.481316
-1, 4, 181, 3, 9.631792
-1, 1, 126, 2, 5.587058
-1, 3, 185, 3, 6.170196
-1, 1, 133, 2, 22.297492
-1, 3, 177, 3, 7.275446
-1, 3, 157, 3, 6.771339
-1, 1, 156, 3, 14.991969
-1, 1, 116, 2, 12.074363
-1, 3, 178, 3, 6.925999
-1, 4, 186, 3, 11.575796
-1, 3, 162, 3, 7.768621
-1, 2, 195, 3, 12.028117
-1, 3, 171, 3, 6.8985
-1, 3, 180, 3, 6.990107
-1, 3, 167, 3, 8.12068
-1, 3, 187, 3, 5.74902
-1, 3, 183, 3, 6.956541
-1, 2, 172, 3, 18.915514
-1, 1, 173, 3, 29.817593
-1, 3, 175, 3, 7.313319
-1, 3, 198, 3, 8.79076
-1, 4, 181, 3, 12.124825
-1, 1, 232, 3, 31.757622
-1, 3, 179, 3, 7.03675
-1, 2, 169, 3, 18.452011
-1, 3, 189, 3, 7.914525
-1, 3, 155, 3, 6.697461
-1, 2, 191, 3, 12.766173
-1, 1, 180, 3, 30.371366
-1, 3, 168, 3, 6.780225
-1, 1, 115, 2, 2.837062
-1, 2, 192, 3, 12.761465
-1, 1, 167, 3, 27.89445
-1, 3, 164, 3, 8.856302
-1, 3, 163, 3, 5.922857
-1, 1, 116, 2, 5.225947
-1, 1, 165, 3, 17.674887
-1, 2, 188, 3, 19.083219
-1, 3, 176, 3, 6.955979
-1, 3, 194, 3, 9.257586
-1, 2, 188, 3, 18.906243
-1, 4, 177, 3, 12.136361
-1, 3, 159, 3, 7.287335
-1, 3, 192, 3, 10.949876
-1, 2, 198, 3, 18.639842
-1, 2, 171, 3, 12.72776
-1, 1, 156, 3, 16.2745
-1, 3, 186, 3, 11.525431
-1, 2, 191, 3, 18.271166
-1, 2, 190, 3, 13.176197
-1, 3, 174, 3, 8.475989
-1, 3, 190, 3, 8.014298
-1, 1, 179, 3, 17.162548
-1, 1, 128, 2, 5.708977
-1, 3, 163, 3, 7.576583
-1, 3, 192, 3, 7.463828
-1, 3, 188, 3, 8.840691
-1, 3, 184, 3, 9.454232
-1, 3, 179, 3, 6.520595
-1, 2, 191, 3, 18.038379
-1, 1, 127, 2, 24.181795
-1, 1, 116, 2, 4.412068
-1, 2, 178, 3, 18.71186
-1, 3, 193, 3, 8.645233
-1, 2, 186, 3, 22.683323
-1, 3, 176, 3, 7.365036
-1, 3, 154, 3, 7.833846
-1, 1, 163, 3, 16.850078
-1, 1, 116, 2, 3.667728
-1, 3, 170, 3, 6.790157
-1, 3, 154, 3, 7.569561
-1, 3, 174, 3, 8.498375
-1, 3, 205, 3, 9.310414
-1, 3, 190, 3, 6.09006
-1, 1, 191, 3, 25.84837
-1, 1, 188, 3, 17.881946
-1, 3, 188, 3, 8.010987
-1, 1, 176, 3, 17.692105
-1, 1, 199, 3, 26.15594
-1, 3, 181, 3, 8.010138
-1, 3, 185, 3, 7.517812
-1, 3, 172, 3, 10.396216
-1, 1, 127, 2, 10.864291
-1, 3, 180, 3, 8.668898
-1, 3, 192, 3, 8.429012
-1, 1, 116, 2, 16.113601
-1, 2, 198, 3, 26.957597
-1, 2, 170, 3, 22.49141
-1, 3, 179, 3, 7.826383
-1, 1, 157, 2, 32.62664
-1, 3, 167, 3, 6.233649
-1, 3, 169, 3, 7.860314
-1, 1, 116, 2, 4.70383
-1, 2, 178, 3, 10.155098
-1, 1, 178, 3, 23.315508
-1, 3, 173, 3, 6.489245
-1, 3, 173, 3, 9.242976
-1, 3, 191, 3, 10.728885
-1, 3, 167, 3, 6.369125
-1, 3, 168, 3, 8.310893
-1, 3, 165, 3, 7.54392
-1, 2, 187, 3, 18.818506
-1, 1, 116, 2, 4.60663
-1, 1, 184, 3, 17.296209
-1, 3, 193, 3, 9.091905
-1, 3, 156, 3, 6.724088
-1, 3, 176, 3, 5.199454
-1, 1, 116, 2, 4.233434
-1, 1, 115, 2, 3.91639
-1, 3, 192, 3, 9.775772
-1, 3, 172, 3, 6.450995
-1, 1, 116, 2, 4.631636
-1, 3, 207, 3, 8.784068
-1, 1, 131, 2, 9.667517
-1, 3, 172, 3, 5.767679
-1, 3, 186, 3, 6.917073
-1, 3, 172, 3, 7.032016
-1, 1, 131, 2, 9.59396
-1, 3, 173, 3, 7.784916
-1, 3, 188, 3, 6.714423
-1, 3, 172, 3, 10.743642
-1, 3, 188, 3, 7.361454
-1, 3, 155, 3, 7.38212
-1, 3, 181, 3, 6.734758
-1, 3, 182, 3, 7.806492
-1, 4, 185, 3, 15.570837
-1, 3, 177, 3, 10.259816
-1, 2, 169, 3, 21.600682
-1, 2, 173, 3, 18.48566
-1, 1, 171, 3, 17.120755
-1, 3, 157, 3, 6.86637
-1, 2, 168, 3, 22.690864
-1, 1, 116, 2, 4.235441
-1, 4, 175, 3, 14.25414
-1, 2, 189, 3, 18.756288
-1, 3, 193, 3, 7.618032
-1, 2, 185, 3, 21.779073
-1, 3, 180, 3, 9.892006
-1, 2, 172, 3, 21.553507
-1, 1, 130, 2, 6.491969
-1, 3, 171, 3, 5.728728
-1, 3, 191, 3, 7.223585
-1, 3, 175, 3, 10.313965
-1, 2, 173, 3, 16.529414
-1, 3, 196, 3, 9.571773
-1, 1, 127, 2, 16.808945
-1, 2, 174, 3, 19.608871
-1, 3, 159, 3, 6.480395
-1, 3, 181, 3, 7.016847
-1, 3, 173, 3, 7.609405
-1, 3, 181, 3, 7.654072
-1, 3, 155, 3, 7.108258
-1, 1, 173, 3, 25.198945
-1, 3, 175, 3, 7.148987
-1, 3, 206, 3, 9.267577
-1, 3, 193, 3, 8.787737
-1, 1, 188, 3, 28.398498
-1, 4, 204, 4, 14.046634
-1, 2, 188, 3, 16.780645
-1, 3, 168, 3, 13.990582
-1, 3, 171, 3, 6.743906
-1, 3, 202, 3, 8.68365
-1, 3, 195, 4, 25.325671
-1, 3, 200, 3, 9.451415
-1, 3, 191, 3, 7.89921
-1, 1, 189, 3, 27.844119
-1, 2, 158, 3, 14.46745
-1, 3, 198, 3, 8.721096
-1, 1, 116, 2, 5.384167
-1, 3, 176, 3, 7.342767
-1, 2, 188, 3, 17.973326
-1, 2, 206, 3, 18.635796
-1, 2, 196, 3, 14.588563
-1, 1, 189, 3, 31.140827
-1, 2, 182, 3, 14.985486
-1, 4, 199, 4, 12.092271
-1, 1, 203, 3, 36.702737
-1, 2, 174, 3, 7.645915
-1, 2, 187, 3, 18.698624
-1, 1, 157, 3, 19.852258
-1, 2, 198, 3, 14.291717
-1, 3, 181, 3, 12.181852
-1, 2, 187, 3, 16.834917
-1, 1, 153, 3, 18.56317
-1, 3, 174, 3, 9.383076
-1, 2, 174, 3, 17.944321
-1, 2, 197, 3, 28.237859
-1, 3, 182, 3, 6.626631
-1, 3, 183, 3, 9.64042
-1, 1, 178, 3, 28.991842
-1, 2, 188, 3, 14.624333
-1, 3, 200, 3, 8.62563
-1, 3, 176, 3, 9.914679
-1, 1, 257, 3, 416.663987
-1, 3, 178, 3, 7.047091
-1, 4, 199, 3, 10.109578
-1, 2, 161, 3, 11.123559
-1, 1, 127, 2, 274.629891
-1, 3, 199, 3, 10.007821
-1, 3, 201, 3, 9.131357
-1, 2, 168, 3, 13.568607
-1, 2, 201, 3, 20.270674
-1, 3, 190, 3, 8.485277
-1, 4, 181, 5, 23.767356
-1, 2, 173, 3, 25.1977
-1, 2, 198, 3, 19.545775
-1, 3, 173, 3, 7.197254
-1, 4, 207, 4, 14.150789
-1, 3, 189, 3, 7.64447
-1, 1, 188, 3, 803.028557
-1, 3, 199, 3, 10.103566
-1, 1, 133, 2, 9.526465
-1, 3, 162, 3, 6.054628
-1, 1, 189, 3, 788.65652
-1, 2, 163, 3, 18.505175
-1, 3, 169, 3, 6.863116
-1, 3, 171, 3, 8.660686
-1, 1, 197, 4, 790.327528
-1, 3, 174, 3, 12.39962
-1, 3, 203, 3, 9.177148
-1, 2, 179, 3, 19.056236
-1, 1, 133, 2, 6.838316
-1, 3, 177, 3, 12.08065
-1, 3, 201, 3, 8.383692
-1, 3, 188, 3, 8.97638
-1, 3, 200, 3, 8.365185
-1, 3, 167, 3, 6.787604
-1, 4, 199, 4, 11.59668
-1, 3, 177, 4, 31.314506
-1, 3, 206, 3, 9.622066
-1, 1, 116, 2, 4.320298
-1, 4, 181, 4, 12.806844
-1, 3, 173, 3, 8.597444
-1, 3, 202, 3, 10.03711
-1, 3, 211, 4, 31.214839
-1, 3, 173, 3, 9.295715
-1, 1, 133, 2, 11.961016
-1, 3, 177, 3, 7.171661
-1, 3, 183, 3, 7.814561
-1, 3, 172, 3, 8.362809
-1, 3, 156, 3, 7.982882
-1, 3, 175, 3, 7.872116
-1, 3, 183, 3, 7.834874
-1, 2, 176, 3, 34.847695
-1, 3, 190, 3, 11.046126
-1, 2, 191, 3, 20.691328
-1, 4, 191, 4, 8.743088
-1, 1, 169, 3, 24.041971
-1, 2, 188, 3, 21.227215
-1, 1, 183, 3, 38.643227
-1, 1, 116, 2, 4.734774
-1, 3, 177, 3, 10.272303
-1, 1, 187, 2, 21.845414
-1, 3, 182, 3, 6.669819
-1, 3, 172, 3, 6.879814
-1, 3, 200, 3, 9.203397
-1, 4, 196, 4, 10.852782
-1, 3, 200, 3, 10.395883
-1, 3, 185, 3, 10.828907
-1, 4, 191, 4, 14.26774
-1, 3, 175, 3, 6.291167
-1, 1, 175, 3, 19.789005
-1, 3, 193, 3, 8.182882
-1, 3, 182, 3, 8.047205
-1, 3, 173, 3, 8.839357
-1, 2, 187, 3, 22.894652
-1, 2, 199, 3, 22.407669
-1, 3, 183, 3, 10.426884
-1, 2, 174, 3, 19.685285
-1, 2, 204, 3, 22.156742
-1, 3, 197, 3, 13.140131
-1, 3, 199, 3, 10.580931
-1, 3, 183, 3, 8.601237
-1, 2, 188, 4, 25.425227
-1, 3, 268, 6, 42.877732
-1, 4, 201, 4, 13.024441
-1, 2, 237, 4, 76.414486
-1, 3, 198, 3, 11.75103
-1, 3, 199, 3, 11.494416
-1, 3, 176, 3, 8.117887
-1, 3, 177, 3, 6.421639
-1, 2, 176, 3, 18.046084
-1, 3, 197, 3, 9.734266
-1, 3, 188, 3, 8.219102
-1, 3, 180, 3, 8.430475
-1, 3, 171, 3, 7.970155
-1, 2, 179, 3, 10.8613
-1, 3, 185, 3, 7.368123
-1, 4, 181, 3, 10.030569
-1, 1, 187, 3, 18.479831
-1, 3, 191, 3, 12.274179
-1, 3, 203, 3, 7.52631
-1, 2, 174, 3, 20.787119
-1, 3, 176, 3, 18.251275
-1, 3, 173, 3, 6.450694
-1, 3, 202, 3, 8.90173
-1, 2, 172, 3, 18.818077
-1, 1, 177, 3, 23.332113
-1, 3, 175, 3, 6.496471
-1, 3, 188, 3, 8.418484
-1, 1, 173, 3, 17.281514
-1, 3, 176, 3, 7.803901
-1, 2, 169, 3, 21.64155
-1, 2, 190, 3, 20.953849
-1, 3, 205, 4, 11.564015
-1, 2, 190, 3, 21.026563
-1, 1, 115, 2, 4.124732
-1, 3, 173, 3, 8.957732
-1, 3, 185, 3, 7.133637
-1, 4, 180, 3, 12.205516
-1, 2, 171, 3, 18.878647
-1, 4, 191, 4, 15.848072
-1, 3, 186, 3, 6.894548
-1, 1, 171, 3, 16.968229
-1, 3, 171, 3, 5.565622
-1, 3, 174, 3, 7.703812
-1, 3, 201, 3, 8.237917
-1, 3, 209, 4, 27.474455
-1, 2, 198, 3, 13.53481
-1, 3, 201, 3, 8.938097
-1, 4, 197, 3, 9.684613
-1, 1, 181, 3, 17.545553
-1, 3, 181, 3, 10.607044
-1, 3, 203, 3, 8.357272
-1, 3, 192, 3, 9.549389
-1, 4, 171, 3, 12.074471
-1, 3, 195, 3, 11.493807
-1, 3, 188, 3, 8.415737
-1, 4, 186, 4, 19.594547
-1, 3, 197, 3, 9.805807
-1, 3, 174, 3, 6.982582
-1, 1, 235, 3, 47.037015
-1, 2, 187, 3, 30.694196
-1, 2, 195, 3, 18.989447
-1, 3, 188, 3, 7.965773
-1, 3, 186, 3, 9.281925
-1, 2, 201, 3, 19.930638
-1, 3, 207, 3, 10.899586
-1, 2, 176, 3, 10.840182
-1, 1, 196, 3, 27.851634
-1, 3, 204, 3, 10.786989
-1, 1, 193, 3, 29.884662
-1, 2, 199, 3, 12.466911
-1, 3, 204, 3, 7.587168
-1, 3, 192, 3, 8.34728
-1, 2, 202, 3, 18.930291
-1, 2, 199, 3, 23.723341
-1, 3, 184, 3, 7.181153
-1, 4, 177, 3, 16.628648
-1, 3, 200, 3, 10.984715
-1, 4, 212, 4, 18.504542
-1, 3, 191, 3, 8.055799
-1, 2, 236, 4, 52.114252
-1, 2, 202, 3, 14.44597
-1, 3, 187, 3, 9.887834
-1, 4, 209, 5, 29.583699
-1, 1, 175, 3, 34.787867
-1, 2, 183, 3, 19.24057
-1, 1, 156, 3, 27.668415
-1, 3, 189, 3, 8.744039
-1, 2, 202, 3, 18.830487
-1, 4, 201, 4, 13.052259
-1, 4, 174, 4, 14.018093
-1, 3, 202, 3, 9.001047
-1, 3, 184, 3, 7.141613
-1, 4, 179, 3, 15.011593
-1, 1, 153, 3, 28.321009
-1, 4, 205, 4, 18.066638
-1, 3, 197, 3, 8.693699
-1, 2, 171, 3, 12.785562
-1, 3, 201, 3, 12.382525
-1, 3, 180, 3, 9.133483
-1, 1, 174, 3, 30.245946
-1, 2, 178, 3, 12.674066
-1, 3, 198, 3, 10.410989
-1, 1, 1, 2, 29.282128
-1, 3, 196, 3, 8.96377
-1, 3, 190, 3, 9.628242
-1, 2, 186, 3, 11.830671
-1, 3, 171, 3, 9.600427
-1, 3, 200, 3, 8.13062
-1, 2, 173, 3, 12.137787
-1, 2, 194, 3, 13.71227
-1, 3, 198, 3, 8.439812
-1, 4, 200, 3, 11.524295
-1, 1, 116, 2, 4.763367
-1, 2, 194, 3, 11.451568
-1, 3, 191, 3, 9.243951
-1, 2, 174, 3, 23.203743
-1, 3, 178, 3, 6.861186
-1, 2, 174, 3, 10.10443
-1, 3, 172, 3, 9.442091
-1, 2, 175, 3, 22.628139
-1, 3, 170, 3, 4.914981
-1, 1, 173, 3, 30.485881
-1, 3, 172, 3, 8.743866
-1, 4, 209, 5, 20.418794
-1, 3, 194, 4, 10.543281
-1, 3, 195, 3, 7.877006
-1, 1, 173, 3, 28.261782
-1, 3, 201, 3, 9.264414
-1, 3, 205, 3, 11.810926
-1, 2, 189, 3, 21.68435
-1, 2, 203, 3, 18.383025
-1, 1, 173, 3, 19.863632
-1, 2, 192, 3, 26.839591
-1, 3, 177, 3, 8.483554
-1, 3, 200, 3, 10.208438
-1, 3, 195, 4, 12.716188
-1, 4, 203, 4, 13.867492
-1, 3, 199, 3, 8.937779
-1, 3, 175, 3, 8.522892
-1, 3, 195, 3, 10.410298
-1, 3, 199, 3, 13.345497
-1, 3, 204, 3, 10.318767
-1, 1, 236, 3, 46.222984
-1, 4, 204, 4, 14.208895
-1, 2, 187, 4, 24.938465
-1, 2, 173, 3, 20.806164
-1, 2, 261, 4, 24.961761
-1, 3, 181, 3, 6.693085
-1, 2, 170, 3, 20.925407
-1, 2, 176, 3, 19.906672
-1, 3, 200, 4, 11.065439
-1, 3, 244, 4, 31.175388
-1, 1, 202, 3, 21.559928
-1, 2, 173, 3, 20.528156
-1, 3, 177, 3, 5.485284
-1, 1, 198, 3, 27.920279
-1, 1, 190, 3, 21.909269
-1, 3, 200, 3, 9.950225
-1, 3, 187, 3, 8.07948
-1, 3, 192, 3, 7.717738
-1, 1, 181, 3, 16.189805
-1, 2, 179, 3, 19.333782
-1, 3, 169, 3, 7.094981
-1, 3, 203, 3, 7.919117
-1, 2, 175, 3, 18.525553
-1, 3, 193, 3, 9.851117
-1, 3, 179, 3, 8.525752
-1, 3, 206, 3, 8.709449
-1, 3, 170, 3, 6.267012
-1, 1, 186, 3, 23.727722
-1, 3, 193, 3, 10.040421
-1, 3, 174, 3, 9.440674
-1, 3, 190, 3, 8.00723
-1, 2, 197, 3, 27.512231
-1, 3, 172, 3, 7.870135
-1, 3, 168, 3, 7.770453
-1, 2, 187, 3, 12.848284
-1, 1, 187, 3, 24.097136
-1, 3, 172, 3, 7.584499
-1, 3, 195, 4, 28.484511
-1, 2, 200, 3, 23.313717
-1, 1, 196, 3, 25.66462
-1, 3, 206, 3, 9.235804
-1, 3, 167, 3, 7.053178
-1, 1, 131, 2, 5.541758
-1, 3, 195, 3, 11.326193
-1, 4, 207, 4, 15.264652
-1, 2, 191, 3, 16.669096
-1, 4, 198, 4, 12.175892
-1, 3, 197, 3, 9.722674
-1, 3, 160, 3, 7.315177
-1, 2, 190, 3, 16.634448
-1, 3, 184, 3, 8.161061
-1, 2, 196, 3, 24.240376
-1, 1, 133, 2, 8.506887
-1, 3, 173, 3, 8.032038
-1, 1, 169, 3, 75.328759
-1, 2, 184, 3, 23.325934
-1, 1, 235, 4, 57.698084
-1, 3, 186, 3, 8.388232
-1, 2, 197, 3, 17.832765
-1, 3, 269, 5, 44.629392
-1, 1, 127, 2, 8.395436
-1, 3, 201, 3, 10.390001
-1, 3, 203, 3, 9.827625
-1, 3, 197, 3, 8.563398
-1, 3, 169, 3, 7.731617
-1, 3, 183, 3, 8.522803
-1, 3, 203, 3, 9.103045
-1, 1, 171, 3, 17.565921
-1, 1, 169, 3, 33.193151
-1, 3, 200, 3, 8.124238
-1, 3, 202, 3, 8.237363
-1, 2, 203, 3, 16.768921
-1, 3, 186, 3, 8.966208
-1, 3, 176, 3, 9.407953
-1, 1, 189, 3, 80.574667
-1, 2, 199, 3, 19.039344
-1, 3, 200, 3, 8.833814
-1, 3, 203, 3, 9.379591
-1, 1, 126, 2, 65.825931
-1, 2, 199, 3, 29.930653
-1, 4, 189, 3, 10.204321
-1, 3, 190, 3, 9.18029
-1, 1, 184, 3, 72.627067
-1, 2, 196, 3, 18.374174
-1, 3, 173, 3, 6.918822
-1, 3, 204, 3, 9.486717
-1, 3, 198, 3, 10.952708
-1, 2, 197, 3, 17.712845
-1, 4, 210, 4, 20.219399
-1, 2, 201, 3, 20.061639
-1, 3, 176, 3, 11.752023
-1, 2, 199, 3, 19.111993
-1, 3, 188, 3, 6.30272
-1, 3, 199, 3, 10.011348
-1, 3, 202, 3, 9.872166
-1, 2, 199, 3, 19.673372
-1, 3, 153, 3, 6.859072
-1, 3, 192, 3, 8.99811
-1, 3, 199, 3, 8.853795
-1, 3, 199, 3, 10.360205
-1, 4, 200, 3, 11.004465
-1, 2, 174, 3, 19.397284
-1, 3, 198, 3, 10.248644
-1, 4, 204, 4, 19.399023
-1, 4, 199, 4, 11.266769
-1, 4, 205, 4, 18.267366
-1, 3, 206, 4, 17.064005
-1, 3, 198, 3, 8.328565
-1, 2, 199, 3, 18.774968
-1, 3, 187, 3, 8.756085
-1, 1, 185, 3, 24.147701
-1, 1, 116, 2, 4.588848
-1, 2, 187, 3, 17.523862
-1, 3, 202, 3, 8.47029
-1, 3, 174, 3, 17.522944
-1, 1, 131, 2, 5.604156
-1, 3, 184, 3, 7.122464
-1, 4, 203, 3, 10.961105
-1, 3, 198, 3, 9.933569
-1, 3, 205, 3, 11.077029
-1, 3, 199, 3, 7.608407
-1, 2, 175, 3, 25.580029
-1, 3, 165, 3, 7.118975
-1, 4, 192, 4, 13.805161
-1, 2, 186, 3, 17.651804
-1, 1, 171, 3, 36.298467
-1, 3, 168, 3, 7.145036
-1, 3, 196, 3, 7.843068
-1, 3, 190, 3, 7.786026
-1, 1, 130, 2, 10.045611
-1, 2, 204, 3, 20.383418
-1, 3, 204, 3, 10.836553
-1, 3, 193, 3, 8.259788
-1, 3, 181, 3, 10.404667
-1, 3, 268, 4, 36.019665
-1, 3, 182, 3, 8.767075
-1, 3, 197, 3, 9.789391
-1, 2, 189, 3, 18.567155
-1, 2, 201, 3, 18.376429
-1, 3, 198, 3, 7.750663
-1, 3, 172, 3, 8.950487
-1, 4, 171, 3, 12.088812
-1, 3, 177, 3, 7.601025
-1, 3, 195, 3, 7.88305
-1, 3, 172, 3, 7.626043
-1, 3, 177, 3, 14.457548
-1, 3, 204, 3, 8.006217
-1, 3, 187, 3, 7.574771
-1, 4, 201, 4, 13.743033
-1, 3, 179, 3, 18.258482
-1, 3, 204, 3, 10.786969
-1, 3, 190, 3, 8.561055
-1, 3, 175, 3, 9.184914
-1, 3, 169, 3, 10.962051
-1, 3, 200, 3, 10.012936
-1, 3, 199, 3, 9.910856
-1, 3, 171, 3, 8.98494
-1, 4, 178, 3, 11.837796
-1, 3, 204, 3, 8.278497
-1, 3, 201, 3, 8.311134
-1, 4, 205, 4, 14.519844
-1, 3, 177, 3, 8.421708
-1, 3, 179, 3, 14.630742
-1, 4, 203, 4, 14.777848
-1, 1, 172, 3, 27.28883
-1, 2, 193, 3, 20.446554
-1, 3, 180, 3, 8.086979
-1, 3, 188, 3, 8.929891
-1, 3, 203, 3, 8.540467
-1, 1, 115, 2, 3.599236
-1, 1, 164, 3, 17.559528
-1, 3, 198, 3, 11.391688
-1, 4, 179, 4, 13.053301
-1, 3, 152, 3, 7.404925
-1, 3, 193, 4, 17.398743
-1, 2, 186, 3, 18.024321
-1, 3, 164, 3, 7.100595
-1, 3, 174, 3, 10.776125
-1, 3, 202, 3, 13.043382
-1, 3, 199, 3, 9.704455
-1, 2, 188, 3, 18.181257
-1, 2, 172, 3, 19.253055
-1, 3, 206, 3, 11.047006
-1, 3, 201, 3, 10.242587
-1, 3, 157, 3, 6.407026
-1, 3, 171, 3, 9.066911
-1, 3, 207, 4, 15.151033
-1, 3, 197, 3, 10.641807
-1, 3, 207, 3, 7.997922
-1, 4, 196, 4, 11.906394
-1, 1, 193, 3, 37.858197
-1, 2, 207, 4, 27.190623
-1, 3, 197, 3, 7.750867
-1, 4, 174, 4, 12.261915
-1, 3, 185, 3, 10.037865
-1, 3, 181, 3, 7.627018
-1, 3, 170, 3, 7.027735
-1, 3, 197, 3, 9.228359
-1, 3, 200, 3, 11.955169
-1, 3, 203, 3, 8.528302
-1, 3, 202, 3, 8.753572
-1, 3, 201, 3, 10.824
-1, 3, 181, 3, 7.260198
-1, 3, 191, 3, 7.702807
-1, 3, 206, 3, 7.781418
-1, 1, 201, 3, 33.831865
-1, 2, 186, 3, 19.369646
-1, 3, 199, 3, 8.211608
-1, 3, 200, 3, 10.583542
-1, 1, 194, 3, 32.850814
-1, 3, 200, 4, 18.41779
-1, 3, 202, 3, 9.450874
-1, 3, 202, 3, 10.422123
-1, 1, 198, 3, 31.663164
-1, 4, 197, 3, 12.189819
-1, 3, 185, 3, 7.706271
-1, 3, 204, 3, 10.67623
-1, 1, 197, 3, 30.486162
-1, 3, 204, 3, 9.300709
-1, 3, 201, 3, 8.563578
-1, 3, 194, 3, 8.07512
-1, 1, 200, 3, 30.47777
-1, 2, 198, 3, 15.987062
-1, 3, 201, 3, 9.194048
-1, 2, 199, 4, 25.01426
-1, 1, 170, 3, 38.263697
-1, 2, 195, 3, 14.990092
-1, 4, 209, 4, 16.091932
-1, 3, 154, 3, 6.900445
-1, 1, 195, 3, 23.1307
-1, 4, 204, 4, 11.259758
-1, 2, 206, 3, 18.116004
-1, 4, 203, 4, 12.972032
-1, 3, 196, 3, 14.653041
-1, 3, 194, 3, 9.587438
-1, 2, 199, 3, 20.306912
-1, 3, 203, 3, 8.746167
-1, 3, 191, 3, 7.686522
-1, 2, 188, 3, 18.296676
-1, 3, 198, 3, 8.100937
-1, 3, 173, 3, 10.262062
-1, 1, 184, 3, 27.963279
-1, 3, 199, 3, 9.739616
-1, 3, 181, 3, 7.382088
-1, 3, 199, 3, 12.350945
-1, 1, 200, 3, 29.610746
-1, 1, 116, 2, 9.885326
-1, 3, 198, 3, 8.512814
-1, 2, 203, 3, 18.351351
-1, 2, 193, 4, 28.915843
-1, 3, 188, 4, 13.466895
-1, 3, 204, 3, 9.013767
-1, 3, 191, 3, 11.07119
-1, 1, 202, 3, 28.769059
-1, 1, 206, 3, 28.926236
-1, 3, 189, 3, 8.845555
-1, 3, 185, 3, 8.911664
-1, 1, 203, 3, 28.483244
-1, 3, 199, 3, 9.700195
-1, 3, 172, 3, 7.017879
-1, 3, 194, 3, 9.224732
-1, 2, 172, 3, 14.698139
-1, 3, 192, 3, 13.517299
-1, 2, 199, 3, 18.806433
-1, 1, 172, 3, 27.568805
-1, 2, 192, 3, 18.998347
-1, 3, 175, 3, 10.7657
-1, 3, 200, 3, 10.326536
-1, 3, 200, 3, 10.918132
-1, 2, 173, 3, 18.181939
-1, 3, 203, 3, 11.497091
-1, 3, 202, 3, 9.306584
-1, 3, 201, 3, 11.927354
-1, 3, 179, 3, 7.340209
-1, 3, 206, 4, 16.635013
-1, 3, 194, 3, 9.762422
-1, 1, 231, 3, 36.329566
-1, 2, 181, 3, 18.667178
-1, 4, 195, 6, 32.117826
-1, 3, 198, 3, 10.202637
-1, 3, 200, 3, 8.643652
-1, 3, 194, 3, 9.253561
-1, 2, 205, 3, 15.217017
-1, 3, 206, 3, 9.342282
-1, 3, 201, 3, 7.666177
-1, 3, 197, 3, 8.688971
-1, 3, 202, 3, 16.131124
-1, 3, 205, 3, 9.965405
-1, 3, 199, 3, 9.619046
-1, 3, 201, 3, 9.940374
-1, 1, 203, 3, 29.72996
-1, 3, 197, 3, 8.967067
-1, 3, 206, 3, 7.89017
-1, 3, 203, 3, 9.227428
-1, 3, 201, 3, 7.652391
-1, 2, 184, 3, 18.87735
-1, 3, 192, 3, 9.205055
-1, 3, 193, 3, 9.949891
-1, 2, 191, 3, 18.349176
-1, 2, 200, 3, 19.823426
-1, 3, 187, 3, 7.815118
-1, 3, 200, 3, 9.221787
-1, 3, 169, 3, 7.289117
-1, 2, 190, 4, 25.481143
-1, 4, 174, 3, 10.688705
-1, 1, 127, 2, 5.894811
-1, 3, 205, 3, 9.682559
-1, 1, 198, 3, 26.899699
-1, 3, 201, 3, 10.961742
-1, 1, 133, 2, 5.895201
-1, 3, 197, 3, 10.567808
-1, 1, 199, 3, 28.292002
-1, 3, 200, 3, 8.610213
-1, 2, 200, 3, 20.345826
-1, 3, 205, 3, 9.553232
-1, 1, 199, 3, 27.042843
-1, 3, 191, 3, 6.506556
-1, 2, 200, 3, 10.34682
-1, 3, 173, 3, 10.991372
-1, 2, 200, 3, 29.868612
-1, 4, 185, 4, 22.827047
-1, 3, 184, 3, 7.715993
-1, 3, 201, 3, 8.804876
-1, 1, 182, 3, 24.497433
-1, 2, 174, 3, 20.337039
-1, 4, 177, 3, 13.133068
-1, 4, 199, 3, 11.443375
-1, 1, 198, 3, 26.930001
-1, 3, 202, 3, 8.840714
-1, 2, 171, 3, 18.07062
-1, 2, 188, 3, 20.594183
-1, 4, 205, 4, 16.219649
-1, 4, 176, 3, 15.908958
-1, 2, 186, 3, 15.542786
-1, 3, 198, 3, 9.996912
-1, 3, 201, 3, 9.567032
-1, 4, 206, 4, 22.741187
-1, 3, 157, 3, 7.407903
-1, 3, 187, 3, 7.760782
-1, 3, 193, 3, 8.079792
-1, 3, 200, 3, 9.70471
-1, 2, 154, 3, 18.129563
-1, 4, 197, 4, 11.855114
-1, 3, 181, 3, 7.234182
-1, 4, 205, 4, 14.663298
-1, 1, 170, 3, 30.350421
-1, 1, 116, 2, 5.413796
-1, 3, 175, 3, 7.964625
-1, 3, 257, 6, 56.962301
-1, 1, 170, 3, 30.385836
-1, 3, 187, 3, 7.195225
-1, 1, 189, 3, 29.146777
-1, 3, 186, 3, 9.042401
-1, 2, 202, 3, 10.378172
-1, 3, 208, 3, 8.166324
-1, 3, 203, 3, 10.575759
-1, 3, 204, 3, 11.755148
-1, 2, 193, 3, 19.641337
-1, 4, 204, 4, 12.621366
-1, 3, 200, 3, 11.833148
-1, 3, 192, 3, 9.981327
-1, 1, 115, 2, 4.921338
-1, 2, 178, 3, 18.64864
-1, 3, 182, 3, 7.972626
-1, 3, 204, 3, 10.800191
-1, 3, 154, 3, 6.9481
-1, 3, 199, 3, 8.401437
-1, 3, 195, 3, 7.825936
-1, 2, 187, 3, 20.299663
-1, 3, 202, 3, 8.937929
-1, 1, 194, 3, 30.51755
-1, 2, 195, 3, 21.533691
-1, 1, 131, 2, 5.341519
-1, 3, 201, 3, 9.543256
-1, 1, 187, 3, 29.503151
-1, 2, 177, 3, 15.304726
-1, 3, 171, 3, 7.306627
-1, 2, 196, 3, 18.975783
-1, 4, 187, 4, 13.619426
-1, 2, 177, 3, 17.064968
-1, 3, 187, 3, 7.474412
-1, 2, 202, 4, 24.455078
-1, 3, 172, 3, 16.634574
-1, 2, 197, 3, 20.394975
-1, 3, 207, 3, 8.72511
-1, 2, 205, 3, 19.151709
-1, 3, 203, 3, 7.9462
-1, 2, 200, 3, 19.013573
-1, 4, 181, 3, 9.555663
-1, 3, 190, 3, 7.696363
-1, 3, 204, 3, 8.550466
-1, 3, 181, 3, 6.192336
-1, 3, 200, 3, 8.826081
-1, 2, 173, 3, 18.547272
-1, 3, 202, 3, 9.093379
-1, 3, 170, 3, 7.189123
-1, 3, 183, 3, 7.376641
-1, 2, 177, 3, 21.040614
-1, 3, 178, 3, 11.801997
-1, 3, 188, 3, 8.802284
-1, 3, 202, 3, 8.704034
-1, 3, 172, 3, 11.68131
-1, 1, 189, 3, 26.024142
-1, 3, 200, 3, 9.505688
-1, 3, 203, 3, 9.296768
-1, 3, 174, 3, 11.436327
-1, 3, 176, 3, 18.746314
-1, 1, 186, 3, 18.948825
-1, 2, 203, 3, 21.584471
-1, 1, 171, 3, 17.249653
-1, 3, 187, 3, 7.855592
-1, 2, 190, 3, 18.259092
-1, 4, 199, 3, 10.368978
-1, 2, 197, 3, 21.070113
-1, 2, 184, 3, 17.142681
-1, 2, 181, 3, 17.523971
-1, 4, 183, 4, 27.530252
-1, 3, 184, 3, 10.648665
-1, 1, 116, 2, 14.490946
-1, 3, 208, 3, 9.520424
-1, 2, 191, 3, 21.130331
-1, 3, 197, 3, 9.83965
-1, 2, 201, 4, 21.252644
-1, 3, 203, 3, 9.088113
-1, 3, 189, 3, 8.209348
-1, 3, 175, 3, 4.778179
-1, 3, 189, 4, 23.927304
-1, 3, 165, 3, 5.652341
-1, 2, 200, 3, 21.96921
-1, 3, 185, 3, 7.429513
-1, 3, 197, 3, 9.018735
-1, 1, 204, 3, 30.689369
-1, 3, 198, 3, 10.745877
-1, 3, 177, 3, 7.048022
-1, 1, 190, 3, 26.694655
-1, 3, 177, 3, 6.779534
-1, 4, 199, 3, 11.696056
-1, 3, 174, 3, 10.088404
-1, 3, 176, 4, 23.337473
-1, 1, 176, 3, 18.284406
-1, 3, 173, 3, 8.094078
-1, 2, 173, 3, 17.933949
-1, 2, 198, 3, 14.112569
-1, 3, 198, 3, 10.322465
-1, 3, 193, 3, 11.668747
-1, 3, 203, 3, 9.62401
-1, 2, 172, 3, 14.445305
-1, 3, 172, 3, 8.960038
-1, 2, 193, 4, 35.123047
-1, 4, 203, 4, 18.426039
-1, 2, 179, 3, 14.41763
-1, 1, 182, 3, 28.472521
-1, 3, 189, 3, 9.692743
-1, 1, 173, 3, 27.940696
-1, 3, 202, 3, 8.384523
-1, 3, 204, 4, 13.791368
-1, 2, 199, 3, 17.515799
-1, 3, 180, 3, 10.029189
-1, 2, 180, 3, 16.494657
-1, 1, 184, 3, 18.192643
-1, 3, 182, 3, 6.921786
-1, 3, 190, 3, 7.559851
-1, 1, 116, 2, 4.292709
-1, 3, 196, 3, 10.503468
-1, 3, 204, 3, 9.610866
-1, 3, 195, 3, 8.591781
-1, 3, 206, 3, 10.437341
-1, 3, 210, 4, 31.767086
-1, 3, 201, 3, 8.590172
-1, 2, 172, 3, 22.202375
-1, 3, 169, 3, 9.700395
-1, 3, 204, 3, 10.191466
-1, 3, 173, 3, 7.056066
-1, 2, 176, 3, 20.460571
-1, 3, 199, 3, 9.795541
-1, 2, 191, 3, 18.974885
-1, 3, 176, 3, 9.47136
-1, 4, 170, 3, 11.868981
-1, 2, 204, 3, 19.467018
-1, 2, 202, 3, 19.836242
-1, 3, 203, 3, 8.816795
-1, 4, 175, 4, 16.321053
-1, 2, 206, 3, 21.312264
-1, 3, 203, 4, 15.273655
-1, 3, 201, 3, 7.558887
-1, 2, 205, 3, 20.36355
-1, 1, 207, 3, 30.411938
-1, 3, 186, 3, 8.450742
-1, 3, 202, 3, 8.912371
-1, 2, 171, 3, 15.820855
-1, 2, 208, 4, 23.789417
-1, 2, 181, 3, 18.706454
-1, 3, 184, 3, 7.920492
-1, 3, 176, 3, 6.062243
-1, 2, 202, 3, 21.828853
-1, 4, 198, 4, 22.503702
-1, 3, 189, 3, 9.914676
-1, 3, 158, 3, 7.214798
-1, 1, 209, 3, 28.921126
-1, 3, 186, 3, 8.568962
-1, 2, 206, 3, 20.527646
-1, 3, 190, 3, 7.303902
-1, 3, 195, 3, 9.287962
-1, 2, 197, 3, 22.600852
-1, 3, 175, 3, 10.783987
-1, 3, 203, 3, 7.507028
-1, 3, 191, 3, 9.241908
-1, 3, 181, 3, 10.25763
-1, 4, 203, 3, 11.010968
-1, 3, 176, 3, 5.433231
-1, 3, 206, 4, 18.888865
-1, 2, 199, 3, 20.761281
-1, 3, 178, 3, 8.476478
-1, 3, 178, 3, 9.898587
-1, 3, 182, 3, 9.094716
-1, 3, 199, 3, 11.664953
-1, 4, 196, 4, 16.575564
-1, 3, 174, 3, 7.098728
-1, 4, 178, 4, 22.885315
-1, 2, 204, 3, 19.143111
-1, 2, 201, 4, 25.907933
-1, 3, 204, 3, 10.286359
-1, 3, 186, 3, 7.630086
-1, 3, 195, 3, 9.388432
-1, 3, 200, 3, 8.893012
-1, 3, 206, 3, 10.816224
-1, 3, 179, 3, 7.70464
-1, 1, 196, 3, 30.43917
-1, 3, 206, 3, 11.019416
-1, 3, 200, 3, 11.138508
-1, 3, 177, 3, 7.547015
-1, 3, 197, 4, 14.625916
-1, 1, 171, 3, 29.535013
-1, 3, 199, 3, 10.239039
-1, 2, 206, 3, 20.869927
-1, 1, 116, 2, 4.651817
-1, 2, 173, 3, 33.076898
-1, 3, 193, 3, 10.127955
-1, 3, 189, 3, 13.42055
-1, 2, 182, 3, 18.007417
-1, 3, 192, 3, 7.599847
-1, 2, 174, 3, 22.525283
-1, 2, 196, 4, 23.062
-1, 3, 200, 3, 8.807057
-1, 2, 174, 4, 21.059681
-1, 2, 191, 4, 21.070747
-1, 2, 190, 3, 10.497559
-1, 3, 205, 3, 12.601221
-1, 1, 189, 4, 39.22528
-1, 4, 244, 5, 42.66744
-1, 3, 187, 3, 8.210008
-1, 3, 202, 3, 11.468303
-1, 3, 201, 3, 9.18188
-1, 3, 194, 4, 30.852972
-1, 3, 207, 3, 7.87931
-1, 3, 200, 3, 9.756112
-1, 3, 163, 3, 7.393856
-1, 1, 116, 2, 4.084988
-1, 3, 196, 3, 11.210304
-1, 4, 215, 5, 18.940671
-1, 3, 200, 3, 7.892601
-1, 3, 154, 3, 6.371996
-1, 2, 188, 3, 20.179686
-1, 3, 199, 3, 8.467209
-1, 4, 204, 4, 12.628433
-1, 2, 165, 3, 9.58522
-1, 3, 176, 3, 7.458535
-1, 3, 198, 3, 9.512417
-1, 4, 204, 3, 9.833323
-1, 3, 181, 3, 10.001875
-1, 3, 176, 3, 11.402929
-1, 2, 200, 3, 19.954267
-1, 3, 204, 3, 8.267574
-1, 2, 190, 3, 21.278081
-1, 3, 191, 4, 12.451276
-1, 3, 202, 3, 9.388053
-1, 3, 202, 3, 8.404185
-1, 3, 204, 3, 8.426202
-1, 4, 179, 4, 15.900205
-1, 2, 183, 3, 17.756306
-1, 3, 189, 3, 8.087289
-1, 3, 205, 3, 8.693805
-1, 3, 201, 3, 7.79444
-1, 3, 203, 3, 9.587519
-1, 3, 172, 3, 8.411045
-1, 2, 210, 4, 23.649037
-1, 3, 207, 3, 9.406649
-1, 3, 203, 3, 10.801482
-1, 3, 201, 3, 9.827745
-1, 2, 173, 3, 18.186028
-1, 3, 190, 3, 8.936804
-1, 3, 203, 4, 14.451333
-1, 3, 175, 3, 8.833725
-1, 2, 173, 3, 23.753183
-1, 3, 202, 3, 9.856567
-1, 3, 170, 3, 4.957214
-1, 4, 182, 4, 18.338614
-1, 2, 173, 3, 23.757072
-1, 2, 178, 3, 18.334663
-1, 4, 195, 4, 16.996417
-1, 3, 201, 3, 11.532586
-1, 4, 281, 6, 43.348425
-1, 2, 190, 3, 21.253344
-1, 2, 197, 3, 20.442249
-1, 3, 202, 3, 13.374396
-1, 2, 202, 3, 18.65686
-1, 2, 195, 3, 20.557299
-1, 2, 204, 3, 18.098433
-1, 4, 183, 4, 12.974235
-1, 3, 203, 3, 9.800371
-1, 3, 171, 3, 9.183869
-1, 3, 191, 3, 8.956206
-1, 3, 200, 3, 13.011213
-1, 2, 183, 3, 11.24925
-1, 3, 245, 5, 34.109303
-1, 3, 191, 3, 8.642152
-1, 3, 198, 3, 12.375688
-1, 4, 202, 5, 20.364381
-1, 3, 170, 3, 10.089091
-1, 3, 160, 3, 6.944907
-1, 3, 209, 4, 10.926666
-1, 3, 202, 3, 12.428315
-1, 2, 179, 3, 14.894142
-1, 4, 198, 5, 16.532749
-1, 3, 202, 3, 8.226471
-1, 3, 153, 3, 6.445468
-1, 3, 204, 4, 23.826168
-1, 1, 183, 3, 25.795927
-1, 4, 189, 3, 14.74606
-1, 1, 116, 2, 4.267615
-1, 2, 173, 3, 11.36077
-1, 4, 205, 4, 13.765787
-1, 3, 194, 3, 8.215076
-1, 2, 177, 3, 14.744119
-1, 2, 181, 3, 21.80774
-1, 1, 194, 3, 32.172623
-1, 3, 209, 4, 22.098212
-1, 2, 205, 3, 16.19767
-1, 1, 175, 3, 17.159893
-1, 2, 198, 3, 24.893433
-1, 4, 204, 4, 12.720289
-1, 1, 173, 3, 25.623808
-1, 3, 197, 3, 10.111177
-1, 2, 188, 3, 26.500248
-1, 3, 195, 3, 10.330274
-1, 3, 205, 4, 20.195214
-1, 4, 201, 4, 11.868308
-1, 1, 200, 3, 24.12502
-1, 3, 172, 3, 9.811332
-1, 2, 203, 3, 17.479416
-1, 4, 200, 4, 10.748229
-1, 1, 200, 3, 24.073365
-1, 1, 195, 3, 30.768451
-1, 2, 201, 3, 15.478581
-1, 1, 197, 3, 95.302607
-1, 3, 201, 3, 9.23607
-1, 2, 236, 4, 39.634266
-1, 3, 186, 4, 19.51839
-1, 1, 183, 3, 94.126749
-1, 2, 192, 3, 18.838825
-1, 1, 120, 2, 5.487427
-1, 3, 203, 3, 8.538277
-1, 1, 205, 3, 96.815382
-1, 3, 201, 3, 8.387642
-1, 1, 133, 2, 5.559597
-1, 3, 202, 3, 10.487519
-1, 1, 199, 3, 96.134531
-1, 3, 201, 3, 8.303984
-1, 3, 162, 3, 6.5247
-1, 1, 206, 3, 25.902812
-1, 1, 205, 3, 106.918745
-1, 3, 203, 3, 10.083627
-1, 3, 189, 3, 7.510294
-1, 3, 168, 3, 7.723991
-1, 1, 200, 3, 109.093936
-1, 3, 197, 3, 9.163942
-1, 3, 206, 3, 8.549117
-1, 4, 199, 4, 11.478457
-1, 1, 200, 4, 109.685796
-1, 2, 197, 3, 18.974794
-1, 3, 205, 3, 8.672745
-1, 3, 201, 3, 10.584502
-1, 1, 173, 3, 110.20709
-1, 3, 172, 3, 7.134835
-1, 3, 207, 3, 8.764626
-1, 2, 173, 3, 22.396284
-1, 1, 202, 4, 93.809194
-1, 3, 200, 3, 7.943346
-1, 4, 185, 5, 23.667036
-1, 3, 172, 3, 9.685709
-1, 3, 205, 3, 10.421039
-1, 4, 188, 4, 17.898697
-1, 3, 207, 3, 8.42831
-1, 3, 176, 3, 8.968012
-1, 1, 201, 3, 106.039887
-1, 3, 206, 3, 8.29097
-1, 3, 199, 3, 8.251284
-1, 1, 171, 3, 19.00432
-1, 1, 208, 3, 95.901514
-1, 3, 173, 3, 10.269976
-1, 3, 205, 3, 9.096131
-1, 3, 204, 3, 10.043092
-1, 1, 198, 3, 105.759125
-1, 2, 166, 3, 12.839401
-1, 3, 203, 3, 8.162654
-1, 4, 177, 3, 14.047365
-1, 3, 181, 3, 7.473462
-1, 1, 154, 3, 18.039717
-1, 3, 203, 3, 10.246063
-1, 3, 172, 3, 7.431966
-1, 3, 191, 3, 7.631586
-1, 2, 167, 3, 9.92945
-1, 4, 207, 4, 13.367653
-1, 3, 176, 3, 10.964891
-1, 3, 178, 3, 7.542419
-1, 3, 200, 3, 8.369513
-1, 4, 176, 4, 16.465266
-1, 3, 205, 3, 11.781552
-1, 3, 169, 3, 13.623828
-1, 4, 205, 4, 14.96756
-1, 3, 203, 3, 10.358922
-1, 3, 177, 3, 12.261716
-1, 3, 207, 3, 10.081034
-1, 2, 192, 3, 18.335332
-1, 3, 209, 3, 9.372021
-1, 3, 173, 3, 10.426792
-1, 2, 245, 4, 51.484778
-1, 2, 203, 3, 19.096735
-1, 3, 199, 3, 8.498427
-1, 1, 168, 3, 47.041543
-1, 3, 203, 3, 9.890935
-1, 2, 205, 3, 18.939262
-1, 4, 189, 4, 10.243275
-1, 1, 177, 3, 47.132071
-1, 3, 201, 3, 11.689759
-1, 2, 202, 3, 21.398106
-1, 3, 202, 3, 9.140585
-1, 1, 169, 3, 47.037522
-1, 3, 178, 3, 11.498947
-1, 3, 204, 3, 9.606172
-1, 4, 199, 3, 11.267882
-1, 1, 171, 3, 25.639463
-1, 4, 194, 4, 14.550945
-1, 3, 201, 3, 8.551309
-1, 3, 206, 3, 8.747574
-1, 2, 200, 3, 22.266606
-1, 4, 204, 3, 11.233111
-1, 3, 206, 3, 9.338107
-1, 1, 173, 3, 28.350704
-1, 2, 195, 3, 19.086874
-1, 1, 168, 3, 17.75973
-1, 2, 169, 3, 12.89836
-1, 2, 173, 3, 18.063791
-1, 1, 188, 4, 45.481732
-1, 3, 201, 3, 9.064963
-1, 2, 169, 3, 13.918351
-1, 3, 169, 3, 7.254967
-1, 3, 202, 4, 15.013944
-1, 4, 203, 5, 25.35997
-1, 4, 188, 4, 12.924821
-1, 3, 190, 3, 9.508636
-1, 2, 179, 3, 9.727033
-1, 3, 199, 3, 9.46774
-1, 2, 168, 3, 9.52799
-1, 3, 200, 3, 8.99829
-1, 1, 193, 3, 36.877039
-1, 3, 155, 3, 7.057459
-1, 2, 169, 3, 9.866589
-1, 3, 202, 3, 8.990653
-1, 1, 184, 3, 33.420474
-1, 3, 185, 3, 7.327417
-1, 2, 167, 3, 11.09762
-1, 4, 208, 4, 12.047053
-1, 1, 138, 2, 47.129028
-1, 3, 201, 3, 10.439202
-1, 3, 170, 3, 8.708837
-1, 4, 190, 4, 11.996526
-1, 1, 173, 3, 47.03302
-1, 3, 201, 3, 10.055769
-1, 3, 168, 3, 9.476971
-1, 3, 200, 3, 9.79438
-1, 1, 184, 3, 36.881437
-1, 3, 187, 3, 8.712902
-1, 1, 115, 2, 4.717654
-1, 4, 201, 3, 10.910933
-1, 3, 187, 3, 7.654248
-1, 3, 194, 3, 9.711723
-1, 2, 158, 3, 17.491672
-1, 3, 210, 3, 8.587059
-1, 3, 183, 3, 7.424972
-1, 2, 197, 3, 18.180966
-1, 3, 174, 4, 10.990762
-1, 3, 176, 3, 9.638574
-1, 3, 202, 3, 9.779906
-1, 2, 197, 3, 15.087604
-1, 3, 172, 3, 8.21243
-1, 3, 178, 3, 6.370509
-1, 1, 131, 2, 9.138737
-1, 3, 201, 4, 18.913065
-1, 3, 202, 4, 11.227373
-1, 3, 173, 3, 12.539633
-1, 3, 202, 3, 8.790128
-1, 2, 169, 3, 22.011673
-1, 3, 183, 3, 8.589859
-1, 3, 195, 3, 9.159699
-1, 4, 203, 4, 16.552595
-1, 2, 169, 3, 21.576266
-1, 3, 175, 4, 10.328495
-1, 1, 115, 2, 4.372194
-1, 1, 170, 3, 32.766984
-1, 2, 168, 3, 22.667404
-1, 3, 179, 4, 11.172988
-1, 3, 208, 3, 10.227846
-1, 3, 205, 3, 8.767708
-1, 2, 198, 3, 21.462821
-1, 3, 204, 3, 9.756885
-1, 2, 204, 3, 19.305937
-1, 3, 199, 3, 7.826168
-1, 3, 166, 3, 8.039493
-1, 3, 189, 3, 10.636628
-1, 3, 205, 3, 8.6468
-1, 3, 206, 3, 9.708785
-1, 3, 190, 3, 14.925019
-1, 3, 189, 3, 9.629794
-1, 4, 188, 3, 14.197859
-1, 2, 174, 3, 19.014463
-1, 3, 205, 3, 10.10245
-1, 3, 204, 3, 10.427294
-1, 4, 205, 4, 13.796971
-1, 3, 174, 3, 9.478943
-1, 2, 171, 3, 10.861759
-1, 2, 205, 3, 20.458199
-1, 4, 185, 3, 10.824243
-1, 3, 203, 3, 9.859231
-1, 3, 169, 3, 8.912986
-1, 3, 202, 3, 12.155877
-1, 3, 196, 3, 10.356308
-1, 3, 191, 3, 11.518438
-1, 3, 171, 3, 7.929959
-1, 3, 190, 3, 11.050106
-1, 3, 185, 3, 7.598311
-1, 3, 177, 3, 6.801281
-1, 3, 171, 3, 7.766766
-1, 3, 201, 3, 9.305604
-1, 3, 199, 3, 10.344981
-1, 3, 183, 3, 7.411354
-1, 3, 267, 4, 31.179877
-1, 1, 116, 2, 5.381097
-1, 1, 172, 3, 28.17147
-1, 3, 204, 3, 9.387645
-1, 2, 200, 3, 20.391312
-1, 3, 204, 3, 9.086954
-1, 2, 238, 4, 60.978565
-1, 3, 199, 3, 9.896471
-1, 3, 180, 3, 9.450392
-1, 3, 204, 3, 9.214323
-1, 3, 187, 3, 6.579815
-1, 3, 202, 3, 10.090236
-1, 1, 177, 3, 27.230907
-1, 3, 206, 3, 7.890599
-1, 3, 204, 3, 7.853417
-1, 3, 203, 3, 8.870864
-1, 3, 202, 3, 8.211482
-1, 2, 173, 4, 16.398245
-1, 3, 201, 3, 7.638463
-1, 3, 186, 3, 7.442597
-1, 4, 200, 4, 12.10107
-1, 2, 172, 3, 13.642121
-1, 3, 199, 3, 8.569092
-1, 3, 208, 3, 8.2713
-1, 3, 202, 3, 9.171816
-1, 3, 172, 3, 6.493014
-1, 4, 208, 4, 17.743456
-1, 1, 175, 3, 27.945786
-1, 4, 189, 4, 14.233117
-1, 1, 127, 2, 6.34118
-1, 3, 204, 3, 9.903379
-1, 2, 212, 4, 25.674931
-1, 3, 184, 3, 8.762961
-1, 3, 188, 3, 12.230214
-1, 3, 173, 3, 7.915666
-1, 2, 202, 3, 31.545468
-1, 3, 172, 3, 8.115539
-1, 3, 202, 3, 13.152196
-1, 3, 189, 3, 7.732828
-1, 4, 203, 4, 12.689076
-1, 3, 173, 3, 8.529109
-1, 3, 187, 3, 9.945717
-1, 3, 173, 3, 8.737561
-1, 3, 185, 3, 8.099896
-1, 3, 171, 3, 8.740064
-1, 4, 207, 4, 10.219893
-1, 4, 209, 5, 30.789707
-1, 3, 205, 4, 31.519078
-1, 3, 198, 3, 10.1905
-1, 3, 165, 3, 6.575403
-1, 3, 172, 3, 8.189625
-1, 3, 204, 3, 10.480321
-1, 3, 195, 3, 9.719993
-1, 1, 115, 2, 2.714291
-1, 4, 183, 3, 15.266875
-1, 3, 205, 3, 14.747524
-1, 3, 206, 4, 14.725667
-1, 1, 115, 2, 3.72203
-1, 3, 201, 3, 8.64283
-1, 2, 205, 3, 22.151277
-1, 3, 201, 3, 10.176882
-1, 3, 155, 3, 6.191905
-1, 3, 206, 3, 10.187297
-1, 2, 1, 2, 34.073564
-1, 3, 207, 4, 13.726039
-1, 3, 204, 3, 10.306753
-1, 3, 207, 3, 10.769871
-1, 4, 181, 5, 29.493616
-1, 4, 197, 4, 16.072753
-1, 3, 207, 3, 9.35129
-1, 3, 190, 3, 9.446093
-1, 1, 1, 2, 33.707463
-1, 1, 131, 2, 5.479306
-1, 3, 201, 3, 10.037733
-1, 4, 190, 4, 17.532981
-1, 4, 179, 4, 18.542255
-1, 4, 210, 4, 14.547248
-1, 3, 185, 3, 6.58089
-1, 3, 200, 3, 9.428451
-1, 3, 174, 3, 8.384132
-1, 3, 154, 3, 7.578987
-1, 3, 179, 3, 7.246924
-1, 3, 175, 3, 8.54241
-1, 3, 172, 3, 8.236877
-1, 4, 172, 4, 12.915245
-1, 2, 156, 3, 16.242608
-1, 3, 176, 3, 13.048621
-1, 3, 179, 3, 7.177925
-1, 3, 204, 3, 9.288514
-1, 3, 185, 3, 7.399002
-1, 3, 186, 3, 7.410951
-1, 2, 172, 3, 16.337694
-1, 3, 203, 3, 8.70969
-1, 4, 175, 3, 7.266694
-1, 3, 179, 3, 10.172694
-1, 2, 175, 3, 22.674353
-1, 3, 208, 3, 10.617943
-1, 3, 195, 3, 9.800524
-1, 4, 210, 4, 14.275018
-1, 2, 199, 3, 19.566575
-1, 3, 200, 3, 8.207696
-1, 3, 176, 3, 5.519649
-1, 3, 198, 3, 9.094219
-1, 3, 204, 3, 9.111498
-1, 3, 203, 3, 8.982176
-1, 3, 170, 3, 6.399176
-1, 2, 194, 3, 20.162311
-1, 2, 190, 3, 18.359917
-1, 3, 163, 3, 7.509577
-1, 3, 206, 3, 8.219187
-1, 1, 205, 3, 28.841472
-1, 2, 189, 3, 22.137138
-1, 2, 193, 3, 24.933127
-1, 4, 205, 4, 13.255545
-1, 3, 181, 3, 6.119906
-1, 2, 172, 3, 20.830477
-1, 2, 200, 3, 16.965093
-1, 2, 204, 3, 22.63546
-1, 3, 199, 3, 7.697826
-1, 1, 188, 3, 28.031453
-1, 3, 193, 3, 9.08047
-1, 1, 193, 3, 21.127623
-1, 3, 190, 3, 7.187873
-1, 1, 185, 3, 27.785993
-1, 3, 175, 3, 7.997771
-1, 2, 202, 3, 22.63114
-1, 3, 181, 3, 9.87521
-1, 2, 209, 4, 24.436708
-1, 3, 184, 3, 7.164008
-1, 2, 198, 3, 21.726352
-1, 4, 181, 3, 13.080842
-1, 2, 202, 3, 21.16117
-1, 3, 196, 3, 7.853039
-1, 1, 182, 3, 18.493191
-1, 4, 195, 4, 14.480685
-1, 3, 206, 3, 8.115715
-1, 4, 191, 4, 22.723662
-1, 1, 202, 3, 29.325661
-1, 3, 201, 3, 9.875969
-1, 4, 201, 4, 11.298923
-1, 2, 186, 3, 20.496104
-1, 1, 201, 3, 28.791898
-1, 3, 205, 3, 10.777859
-1, 3, 181, 3, 6.884143
-1, 3, 193, 3, 8.604557
-1, 3, 265, 5, 38.474159
-1, 1, 191, 4, 30.487219
-1, 2, 187, 3, 17.962371
-1, 2, 206, 3, 20.791485
-1, 2, 202, 3, 21.426008
-1, 1, 174, 3, 28.490638
-1, 4, 194, 4, 12.591406
-1, 2, 198, 3, 15.256354
-1, 4, 202, 4, 7.866508
-1, 2, 192, 4, 21.139631
-1, 3, 172, 3, 9.602834
-1, 3, 201, 3, 8.772688
-1, 3, 202, 3, 8.977375
-1, 2, 179, 3, 20.133226
-1, 3, 172, 3, 8.508482
-1, 3, 200, 4, 21.911668
-1, 3, 207, 3, 9.605486
-1, 1, 232, 3, 35.554171
-1, 3, 172, 3, 8.2546
-1, 3, 181, 3, 10.710012
-1, 3, 206, 3, 8.781366
-1, 2, 171, 3, 26.128903
-1, 3, 200, 3, 7.946794
-1, 3, 207, 3, 10.576999
-1, 2, 207, 4, 22.978892
-1, 3, 205, 4, 10.844439
-1, 2, 176, 4, 24.919621
-1, 3, 201, 3, 9.778953
-1, 2, 179, 3, 18.577306
-1, 3, 186, 3, 8.842242
-1, 3, 177, 3, 10.112599
-1, 4, 205, 4, 10.959234
-1, 3, 202, 3, 11.262126
-1, 3, 174, 3, 10.233986
-1, 2, 205, 4, 24.970974
-1, 4, 205, 4, 13.029701
-1, 3, 201, 3, 9.633031
-1, 3, 199, 3, 8.618147
-1, 3, 202, 3, 9.671545
-1, 2, 189, 3, 22.908015
-1, 3, 207, 3, 8.523681
-1, 3, 203, 3, 8.539995
-1, 2, 210, 4, 24.988909
-1, 2, 202, 3, 19.147128
-1, 3, 204, 4, 13.640933
-1, 4, 209, 4, 12.05993
-1, 3, 202, 3, 8.051705
-1, 4, 200, 4, 11.775406
-1, 3, 204, 3, 9.394647
-1, 3, 175, 3, 7.429668
-1, 2, 174, 3, 27.838711
-1, 3, 201, 3, 9.432549
-1, 2, 197, 3, 20.325184
-1, 3, 187, 3, 9.066145
-1, 2, 203, 3, 18.91811
-1, 4, 176, 3, 15.821224
-1, 1, 116, 2, 2.821293
-1, 3, 199, 4, 12.757895
-1, 2, 198, 3, 18.307854
-1, 4, 267, 5, 25.452247
-1, 3, 173, 3, 6.623855
-1, 4, 182, 4, 29.372318
-1, 2, 203, 4, 21.73226
-1, 3, 184, 3, 7.231834
-1, 3, 195, 3, 9.5748
-1, 3, 155, 3, 6.880763
-1, 3, 202, 3, 9.805871
-1, 3, 206, 3, 9.772012
-1, 3, 202, 3, 10.451203
-1, 3, 187, 3, 6.992742
-1, 2, 197, 3, 20.668849
-1, 3, 201, 3, 10.3866
-1, 3, 197, 3, 9.399619
-1, 3, 207, 3, 7.826051
-1, 2, 199, 3, 19.662043
-1, 4, 178, 4, 17.44814
-1, 4, 200, 4, 11.766482
-1, 3, 199, 3, 8.2012
-1, 2, 214, 4, 24.188597
-1, 3, 202, 3, 10.267311
-1, 3, 176, 3, 5.311159
-1, 3, 186, 3, 10.123012
-1, 3, 203, 3, 8.738647
-1, 3, 210, 4, 11.708779
-1, 3, 170, 3, 5.393341
-1, 4, 182, 5, 25.535645
-1, 3, 191, 4, 12.15059
-1, 3, 205, 3, 12.936381
-1, 1, 203, 3, 32.663967
-1, 3, 200, 3, 8.748648
-1, 2, 177, 4, 19.976805
-1, 3, 162, 3, 7.49582
-1, 2, 172, 3, 9.332577
-1, 3, 201, 3, 8.19545
-1, 1, 116, 2, 4.33863
-1, 3, 198, 3, 9.801294
-1, 3, 185, 3, 7.196051
-1, 4, 207, 3, 10.823595
-1, 1, 131, 2, 13.666463
-1, 3, 201, 3, 10.951975
-1, 3, 200, 3, 9.543012
-1, 3, 201, 3, 8.161902
-1, 1, 195, 3, 28.889199
-1, 3, 171, 3, 8.244387
-1, 3, 204, 3, 11.224632
-1, 4, 181, 3, 10.473445
-1, 3, 202, 3, 9.948478
-1, 2, 202, 3, 19.464387
-1, 4, 200, 3, 10.332188
-1, 4, 192, 3, 10.480179
-1, 4, 192, 4, 22.00853
-1, 4, 187, 3, 10.969563
-1, 3, 200, 3, 8.02787
-1, 2, 173, 3, 17.974847
-1, 3, 185, 3, 8.045812
-1, 3, 203, 3, 8.055643
-1, 1, 171, 3, 43.056459
-1, 2, 179, 3, 18.608065
-1, 3, 202, 3, 10.926166
-1, 3, 208, 4, 15.162626
-1, 1, 169, 3, 35.096209
-1, 2, 192, 3, 20.726352
-1, 2, 175, 3, 7.782338
-1, 3, 189, 3, 11.597183
-1, 1, 168, 3, 33.260455
-1, 3, 203, 3, 9.17903
-1, 3, 199, 4, 14.54922
-1, 3, 204, 3, 8.615589
-1, 1, 170, 3, 32.567262
-1, 2, 204, 3, 20.234103
-1, 3, 203, 3, 11.705034
-1, 3, 202, 3, 9.956343
-1, 1, 195, 3, 23.549102
-1, 3, 204, 3, 9.967833
-1, 2, 204, 3, 20.134315
-1, 3, 185, 3, 7.310564
-1, 1, 200, 3, 24.793126
-1, 2, 206, 3, 19.171684
-1, 3, 199, 3, 10.57866
-1, 3, 206, 3, 7.684447
-1, 2, 200, 3, 26.408496
-1, 2, 196, 3, 19.041584
-1, 2, 199, 3, 8.375491
-1, 3, 184, 3, 7.375537
-1, 3, 194, 4, 6.972414
-1, 2, 187, 3, 20.90465
-1, 3, 177, 3, 9.262094
-1, 4, 201, 3, 10.038734
-1, 1, 207, 3, 32.290633
-1, 4, 195, 4, 12.618857
-1, 3, 172, 3, 9.164163
-1, 3, 205, 3, 8.191238
-1, 3, 174, 3, 6.451854
-1, 1, 191, 3, 28.790716
-1, 3, 173, 3, 8.19709
-1, 3, 201, 3, 10.063542
-1, 3, 203, 3, 9.480195
-1, 3, 187, 3, 7.457509
-1, 3, 204, 3, 10.022765
-1, 3, 200, 3, 9.465066
-1, 3, 202, 3, 8.526835
-1, 3, 175, 3, 8.999184
-1, 3, 194, 3, 7.813773
-1, 4, 202, 4, 14.856648
-1, 4, 204, 4, 15.642243
-1, 3, 164, 3, 6.493791
-1, 3, 204, 3, 9.359492
-1, 4, 206, 4, 12.865421
-1, 3, 202, 3, 11.312982
-1, 3, 204, 3, 8.380162
-1, 3, 201, 3, 8.557531
-1, 3, 197, 3, 8.818253
-1, 3, 202, 3, 8.142308
-1, 4, 205, 4, 15.376488
-1, 3, 173, 3, 7.603721
-1, 3, 206, 3, 9.219668
-1, 4, 207, 4, 19.21123
-1, 3, 172, 3, 9.399639
-1, 4, 203, 4, 22.387226
-1, 3, 206, 3, 10.546716
-1, 3, 172, 3, 8.172597
-1, 3, 203, 3, 10.946756
-1, 3, 202, 3, 9.18738
-1, 1, 116, 2, 4.781971
-1, 3, 173, 3, 8.597221
-1, 3, 172, 3, 9.326104
-1, 3, 177, 4, 14.402518
-1, 3, 203, 3, 9.075001
-1, 1, 205, 3, 46.460728
-1, 3, 185, 3, 7.919119
-1, 4, 203, 4, 16.3
-1, 4, 210, 5, 25.867816
-1, 2, 195, 3, 26.929049
-1, 3, 206, 3, 9.606935
-1, 4, 199, 3, 10.033496
-1, 3, 199, 3, 12.909628
-1, 1, 190, 3, 30.841266
-1, 1, 115, 2, 3.840601
-1, 2, 175, 4, 36.037761
-1, 4, 204, 4, 16.979994
-1, 1, 198, 3, 30.499326
-1, 3, 205, 3, 10.960214
-1, 3, 201, 3, 9.757413
-1, 3, 204, 4, 9.637036
-1, 1, 203, 3, 30.419137
-1, 3, 203, 3, 11.184949
-1, 2, 203, 3, 20.147493
-1, 3, 202, 3, 8.097836
-1, 1, 203, 3, 43.065656
-1, 3, 205, 3, 11.901666
-1, 2, 197, 3, 18.414095
-1, 3, 208, 3, 8.647249
-1, 2, 201, 3, 23.535465
-1, 3, 205, 3, 11.153196
-1, 3, 206, 3, 8.733685
-1, 2, 207, 3, 18.57699
-1, 3, 185, 3, 9.738857
-1, 4, 179, 3, 15.977158
-1, 3, 195, 3, 9.025716
-1, 1, 116, 2, 4.277152
-1, 3, 198, 3, 9.00366
-1, 2, 194, 3, 20.002677
-1, 1, 124, 2, 20.18825
-1, 3, 185, 4, 13.299803
-1, 3, 204, 3, 8.576748
-1, 4, 201, 4, 11.285216
-1, 1, 202, 3, 28.427152
-1, 2, 205, 3, 18.862806
-1, 1, 201, 3, 34.580674
-1, 4, 176, 4, 12.671927
-1, 1, 179, 3, 27.413524
-1, 3, 203, 3, 8.873484
-1, 1, 204, 3, 32.669925
-1, 3, 201, 3, 11.076807
-1, 2, 175, 3, 27.122905
-1, 2, 204, 3, 19.066819
-1, 1, 198, 3, 23.704389
-1, 3, 200, 3, 11.156445
-1, 2, 206, 3, 19.612891
-1, 4, 199, 3, 9.928118
-1, 1, 201, 3, 23.719016
-1, 3, 206, 3, 8.458057
-1, 2, 199, 3, 18.743826
-1, 2, 176, 3, 10.539679
-1, 3, 173, 3, 5.94774
-1, 2, 173, 3, 18.521916
-1, 3, 170, 3, 9.733624
-1, 2, 207, 3, 12.085199
-1, 3, 184, 3, 7.284449
-1, 2, 181, 4, 23.792544
-1, 3, 160, 3, 7.519723
-1, 2, 199, 3, 12.015992
-1, 4, 198, 4, 16.192885
-1, 1, 197, 3, 30.658193
-1, 2, 187, 3, 18.844227
-1, 3, 204, 3, 14.384687
-1, 3, 201, 3, 9.725771
-1, 3, 206, 3, 9.920388
-1, 1, 131, 2, 8.737499
-1, 3, 186, 3, 16.964378
-1, 4, 207, 4, 23.152387
-1, 3, 204, 3, 9.766049
-1, 1, 174, 3, 30.698377
-1, 2, 197, 4, 25.984514
-1, 3, 207, 3, 8.78783
-1, 1, 116, 2, 3.740345
-1, 3, 201, 3, 8.757548
-1, 3, 203, 3, 11.587836
-1, 3, 208, 3, 9.886057
-1, 1, 116, 2, 3.979298
-1, 1, 181, 3, 17.336292
-1, 3, 240, 5, 43.790678
-1, 3, 189, 3, 6.299861
-1, 3, 201, 3, 8.554959
-1, 4, 208, 4, 11.391635
-1, 4, 203, 4, 22.419506
-1, 3, 198, 4, 10.967269
-1, 3, 182, 3, 6.165332
-1, 3, 175, 3, 7.845735
-1, 3, 203, 3, 7.896374
-1, 3, 190, 3, 7.012543
-1, 3, 172, 3, 9.809503
-1, 3, 206, 3, 9.780767
-1, 3, 200, 3, 9.184786
-1, 2, 202, 3, 20.550572
-1, 4, 205, 4, 12.716149
-1, 3, 202, 3, 9.372318
-1, 1, 177, 3, 21.061071
-1, 1, 192, 3, 30.040659
-1, 3, 207, 3, 7.871145
-1, 1, 186, 3, 17.77182
-1, 3, 203, 3, 8.091688
-1, 2, 212, 4, 35.70949
-1, 3, 202, 3, 8.376968
-1, 1, 171, 3, 17.201222
-1, 3, 202, 3, 8.589297
-1, 1, 199, 3, 30.333066
-1, 3, 200, 3, 7.980096
-1, 3, 203, 3, 7.678891
-1, 2, 171, 3, 13.447319
-1, 3, 175, 3, 5.861844
-1, 3, 204, 3, 8.105398
-1, 3, 202, 3, 8.315816
-1, 2, 153, 3, 11.356904
-1, 3, 171, 3, 7.41433
-1, 3, 175, 3, 9.53217
-1, 2, 176, 4, 33.179338
-1, 3, 175, 4, 17.870108
-1, 3, 205, 3, 9.470662
-1, 3, 173, 3, 8.256234
-1, 1, 127, 2, 7.739217
-1, 4, 203, 4, 14.225716
-1, 3, 204, 4, 10.769881
-1, 2, 185, 3, 19.705052
-1, 3, 190, 3, 8.804272
-1, 1, 116, 2, 5.849163
-1, 3, 202, 3, 9.07825
-1, 2, 197, 3, 19.823823
-1, 3, 175, 3, 10.151795
-1, 3, 177, 3, 15.621244
-1, 3, 192, 3, 10.044529
-1, 2, 207, 4, 20.354157
-1, 3, 171, 3, 9.968828
-1, 1, 187, 3, 29.573157
-1, 3, 187, 3, 7.539017
-1, 3, 199, 3, 8.510252
-1, 3, 200, 3, 8.128791
-1, 1, 130, 2, 5.797816
-1, 3, 206, 3, 10.491126
-1, 3, 170, 3, 5.786968
-1, 3, 203, 3, 8.476314
-1, 3, 203, 4, 14.66697
-1, 3, 204, 3, 8.021467
-1, 3, 202, 3, 9.398186
-1, 3, 198, 3, 8.146385
-1, 3, 204, 3, 11.652622
-1, 3, 201, 3, 10.523861
-1, 4, 179, 3, 15.233301
-1, 3, 197, 3, 10.647973
-1, 2, 184, 3, 21.406521
-1, 3, 200, 3, 8.709387
-1, 3, 173, 3, 8.488716
-1, 3, 198, 3, 8.824334
-1, 1, 116, 2, 5.76012
-1, 3, 201, 3, 8.768111
-1, 3, 199, 3, 9.880317
-1, 3, 202, 3, 10.655911
-1, 1, 171, 3, 22.410432
-1, 3, 202, 3, 8.980867
-1, 3, 185, 3, 7.508337
-1, 3, 205, 3, 8.675809
-1, 3, 203, 3, 10.355198
-1, 3, 209, 3, 8.67781
-1, 2, 201, 4, 25.194054
-1, 3, 180, 3, 14.42849
-1, 4, 203, 3, 10.375921
-1, 2, 195, 3, 19.731751
-1, 2, 179, 3, 19.004805
-1, 3, 185, 4, 16.073717
-1, 2, 202, 3, 15.835714
-1, 2, 209, 4, 26.093051
-1, 2, 176, 3, 18.72415
-1, 3, 204, 3, 7.513513
-1, 2, 201, 3, 13.552956
-1, 3, 200, 3, 8.674827
-1, 2, 192, 3, 19.615054
-1, 2, 175, 3, 23.025171
-1, 3, 187, 3, 7.270248
-1, 2, 208, 3, 19.181693
-1, 2, 173, 3, 18.713958
-1, 3, 172, 3, 11.960643
-1, 3, 204, 3, 9.519949
-1, 2, 200, 3, 19.648018
-1, 2, 176, 3, 31.357977
-1, 1, 131, 2, 5.427852
-1, 3, 200, 3, 11.17341
-1, 3, 195, 3, 10.81178
-1, 3, 180, 3, 9.825669
-1, 3, 186, 3, 7.336237
-1, 3, 198, 4, 13.22238
-1, 3, 188, 3, 11.811812
-1, 3, 179, 3, 7.555874
-1, 3, 176, 3, 6.537026
-1, 3, 176, 3, 8.827577
-1, 3, 177, 3, 11.166675
-1, 3, 200, 3, 7.818095
-1, 2, 208, 4, 22.486964
-1, 3, 167, 3, 9.219667
-1, 3, 177, 3, 5.868369
-1, 3, 201, 3, 7.948263
-1, 2, 204, 3, 20.844499
-1, 2, 170, 3, 26.416974
-1, 3, 190, 3, 6.563696
-1, 3, 201, 3, 9.638154
-1, 2, 205, 3, 20.266262
-1, 3, 196, 3, 8.31346
-1, 2, 199, 3, 20.729987
-1, 4, 209, 4, 11.466608
-1, 2, 239, 4, 35.850017
-1, 3, 197, 3, 10.302684
-1, 3, 176, 3, 5.725036
-1, 3, 175, 3, 10.311782
-1, 3, 205, 4, 29.739175
-1, 3, 204, 3, 8.989014
-1, 4, 196, 5, 16.522478
-1, 4, 177, 4, 10.160274
-1, 3, 198, 3, 8.723382
-1, 3, 206, 4, 18.949599
-1, 4, 206, 4, 20.202923
-1, 4, 174, 4, 10.905074
-1, 2, 195, 4, 23.555933
-1, 3, 197, 3, 8.411848
-1, 1, 176, 3, 34.509748
-1, 3, 201, 3, 9.00993
-1, 2, 191, 3, 18.020679
-1, 3, 174, 3, 8.393422
-1, 1, 176, 3, 33.043445
-1, 3, 211, 5, 28.665565
-1, 1, 171, 3, 36.183088
-1, 3, 180, 3, 17.413202
-1, 1, 202, 4, 34.370106
-1, 4, 206, 4, 12.936112
-1, 2, 174, 3, 21.591599
-1, 3, 199, 3, 7.864549
-1, 1, 174, 3, 31.383681
-1, 3, 206, 3, 9.309813
-1, 2, 172, 3, 22.025404
-1, 3, 202, 3, 8.766412
-1, 1, 200, 3, 31.699214
-1, 4, 206, 3, 10.39189
-1, 2, 175, 3, 20.672826
-1, 4, 199, 3, 11.698173
-1, 1, 182, 3, 30.014395
-1, 3, 180, 3, 11.439001
-1, 3, 203, 3, 9.209611
-1, 2, 198, 3, 11.091011
-1, 1, 169, 3, 17.966813
-1, 4, 182, 3, 15.876417
-1, 2, 176, 4, 36.090766
-1, 3, 198, 3, 12.18246
-1, 3, 204, 3, 10.418294
-1, 2, 206, 4, 21.965996
-1, 1, 234, 3, 44.144637
-1, 3, 202, 3, 11.953967
-1, 3, 210, 3, 10.801897
-1, 4, 194, 4, 11.112399
-1, 3, 195, 3, 8.266999
-1, 3, 179, 3, 7.487725
-1, 4, 208, 4, 17.136066
-1, 3, 205, 3, 9.058444
-1, 2, 172, 3, 22.233952
-1, 4, 206, 4, 18.252211
-1, 3, 183, 3, 6.094867
-1, 2, 201, 4, 24.808666
-1, 1, 187, 3, 29.3457
-1, 3, 171, 3, 9.875548
-1, 3, 204, 3, 8.14064
-1, 2, 179, 3, 22.356593
-1, 2, 190, 3, 18.808589
-1, 3, 173, 3, 10.635008
-1, 3, 186, 3, 9.035387
-1, 2, 204, 3, 19.722739
-1, 2, 204, 3, 19.241436
-1, 3, 172, 3, 9.316351
-1, 3, 204, 4, 11.225107
-1, 1, 194, 4, 31.05275
-1, 1, 178, 3, 44.181467
-1, 3, 200, 3, 8.892707
-1, 3, 188, 3, 8.629779
-1, 1, 176, 3, 29.483054
-1, 1, 178, 3, 19.815377
-1, 4, 201, 4, 14.904766
-1, 3, 209, 4, 14.892255
-1, 2, 178, 3, 35.777654
-1, 3, 201, 3, 18.003406
-1, 2, 190, 3, 18.982021
-1, 2, 205, 3, 21.009221
-1, 1, 116, 2, 4.387027
-1, 2, 265, 4, 33.984738
-1, 3, 207, 4, 14.394703
-1, 3, 173, 3, 5.858916
-1, 3, 182, 3, 6.952826
-1, 2, 203, 3, 15.138627
-1, 2, 207, 3, 19.880768
-1, 2, 198, 3, 21.643586
-1, 3, 171, 3, 7.396394
-1, 2, 198, 3, 15.646477
-1, 3, 207, 3, 8.576516
-1, 2, 199, 3, 20.234698
-1, 3, 202, 3, 8.277941
-1, 1, 131, 2, 6.344129
-1, 3, 202, 3, 11.955279
-1, 4, 202, 4, 12.589254
-1, 3, 204, 3, 9.217285
-1, 3, 205, 3, 9.031798
-1, 2, 200, 3, 19.631663
-1, 3, 203, 3, 8.818721
-1, 3, 206, 3, 8.131205
-1, 3, 204, 3, 9.043862
-1, 2, 208, 3, 19.96637
-1, 4, 202, 4, 14.886479
-1, 3, 173, 3, 8.23339
-1, 2, 206, 4, 35.260494
-1, 2, 205, 3, 18.032079
-1, 3, 196, 3, 8.298682
-1, 4, 178, 3, 10.26533
-1, 1, 202, 3, 27.230875
-1, 2, 176, 3, 15.232824
-1, 3, 200, 3, 11.263198
-1, 4, 203, 4, 12.116144
-1, 1, 203, 3, 29.897316
-1, 3, 168, 3, 11.123942
-1, 3, 202, 4, 10.621129
-1, 4, 204, 4, 12.22185
-1, 1, 185, 2, 29.705495
-1, 3, 204, 3, 10.752923
-1, 3, 203, 3, 9.634273
-1, 4, 181, 3, 10.363728
-1, 1, 202, 2, 30.001309
-1, 1, 172, 3, 28.070975
-1, 3, 205, 3, 9.375707
-1, 3, 174, 3, 9.173967
-1, 1, 203, 2, 29.698605
-1, 3, 204, 3, 10.021171
-1, 1, 133, 2, 6.920979
-1, 3, 201, 3, 8.100392
-1, 3, 199, 3, 9.497314
-1, 3, 173, 3, 9.941189
-1, 3, 201, 3, 10.821558
-1, 4, 204, 3, 9.708213
-1, 4, 206, 3, 10.166136
-1, 4, 175, 3, 14.871252
-1, 3, 204, 3, 8.554699
-1, 3, 202, 3, 8.985176
-1, 1, 185, 3, 26.737136
-1, 3, 205, 4, 10.535659
-1, 3, 204, 3, 8.406634
-1, 3, 199, 3, 9.585944
-1, 2, 200, 3, 30.179045
-1, 3, 171, 3, 11.288831
-1, 3, 200, 3, 9.498211
-1, 3, 206, 3, 9.718905
-1, 2, 204, 3, 19.651714
-1, 2, 198, 4, 25.930205
-1, 2, 198, 3, 21.804037
-1, 4, 176, 3, 11.486272
-1, 3, 202, 3, 8.704865
-1, 3, 183, 3, 6.329882
-1, 2, 186, 3, 17.727558
-1, 3, 201, 3, 9.327491
-1, 2, 207, 3, 18.646048
-1, 3, 203, 3, 8.029786
-1, 3, 200, 3, 8.453557
-1, 3, 205, 3, 9.869555
-1, 4, 204, 3, 11.28288
-1, 3, 201, 3, 9.86846
-1, 3, 203, 3, 10.744372
-1, 3, 205, 3, 9.324208
-1, 2, 200, 3, 20.322331
-1, 3, 172, 3, 11.24403
-1, 4, 206, 4, 11.483539
-1, 3, 201, 3, 9.910867
-1, 3, 201, 3, 11.621331
-1, 2, 172, 3, 12.826664
-1, 3, 196, 4, 10.389982
-1, 2, 188, 3, 19.3492
-1, 2, 184, 3, 36.895533
-1, 3, 170, 4, 15.886366
-1, 3, 177, 3, 6.13674
-1, 1, 171, 3, 17.006095
-1, 1, 138, 2, 37.028244
-1, 3, 191, 3, 8.195582
-1, 2, 173, 4, 20.697165
-1, 3, 165, 3, 7.806795
-1, 1, 142, 2, 36.894735
-1, 3, 197, 3, 10.156969
-1, 1, 157, 3, 17.35356
-1, 2, 195, 4, 24.996059
-1, 1, 138, 2, 36.894136
-1, 3, 201, 4, 11.350213
-1, 2, 154, 3, 6.205861
-1, 2, 175, 3, 32.181987
-1, 1, 198, 3, 29.231178
-1, 3, 171, 3, 6.194384
-1, 3, 181, 3, 6.598352
-1, 1, 180, 3, 28.575304
-1, 1, 201, 2, 29.556892
-1, 2, 197, 3, 19.87541
-1, 3, 208, 3, 10.28065
-1, 3, 191, 3, 7.936623
-1, 1, 199, 3, 27.714367
-1, 2, 188, 3, 17.552323
-1, 3, 187, 3, 7.648377
-1, 3, 206, 3, 8.92802
-1, 3, 170, 3, 7.104487
-1, 3, 195, 3, 8.381644
-1, 3, 200, 3, 9.792552
-1, 3, 189, 3, 8.738252
-1, 3, 203, 3, 10.015349
-1, 3, 203, 3, 10.659751
-1, 3, 180, 3, 9.10847
-1, 4, 172, 3, 10.948082
-1, 1, 173, 3, 16.174722
-1, 3, 204, 3, 11.633464
-1, 3, 158, 3, 8.358134
-1, 3, 208, 3, 10.121764
-1, 2, 203, 3, 21.213282
-1, 2, 202, 4, 22.292245
-1, 3, 178, 3, 9.035379
-1, 4, 172, 4, 12.522301
-1, 3, 204, 3, 11.352761
-1, 3, 201, 4, 12.828749
-1, 3, 208, 3, 8.420945
-1, 4, 207, 4, 13.224968
-1, 2, 202, 4, 19.192107
-1, 3, 186, 3, 8.016088
-1, 3, 204, 4, 10.396236
-1, 4, 208, 5, 29.833677
-1, 1, 133, 2, 12.109571
-1, 3, 194, 3, 7.329597
-1, 3, 187, 3, 7.434524
-1, 3, 208, 3, 8.706149
-1, 2, 199, 3, 15.356107
-1, 3, 186, 3, 7.913808
-1, 3, 207, 3, 9.172224
-1, 3, 191, 3, 9.393795
-1, 4, 212, 4, 17.100252
-1, 3, 205, 3, 9.250161
-1, 3, 199, 3, 8.201117
-1, 3, 204, 3, 8.199949
-1, 4, 199, 3, 9.625907
-1, 1, 172, 3, 17.529788
-1, 3, 199, 3, 8.925193
-1, 3, 199, 3, 8.503739
-1, 1, 174, 3, 33.228043
-1, 2, 201, 3, 21.873541
-1, 2, 203, 3, 19.019811
-1, 3, 200, 3, 9.141196
-1, 1, 176, 3, 29.684536
-1, 3, 201, 3, 7.683864
-1, 2, 169, 4, 23.254069
-1, 3, 187, 3, 9.526958
-1, 3, 197, 3, 7.498429
-1, 4, 213, 5, 26.034247
-1, 3, 188, 3, 12.021609
-1, 3, 206, 3, 11.212492
-1, 2, 201, 3, 20.119281
-1, 4, 175, 4, 15.989187
-1, 3, 162, 3, 7.619663
-1, 3, 206, 3, 9.805126
-1, 4, 210, 4, 15.652705
-1, 4, 202, 5, 24.401264
-1, 3, 195, 3, 10.201902
-1, 3, 198, 3, 9.833134
-1, 3, 182, 3, 6.855702
-1, 3, 201, 3, 9.653031
-1, 3, 173, 3, 9.914634
-1, 3, 172, 3, 8.468671
-1, 4, 189, 4, 13.994917
-1, 4, 201, 4, 12.702904
-1, 2, 176, 3, 18.907673
-1, 4, 191, 4, 11.119676
-1, 3, 199, 3, 9.576828
-1, 3, 191, 3, 8.461766
-1, 1, 173, 3, 24.722337
-1, 1, 173, 3, 27.904315
-1, 3, 204, 3, 7.894705
-1, 1, 172, 3, 17.900729
-1, 2, 171, 4, 16.220525
-1, 2, 205, 4, 21.32571
-1, 3, 200, 3, 8.881633
-1, 4, 195, 3, 12.208129
-1, 1, 154, 3, 22.789377
-1, 2, 191, 3, 21.343082
-1, 3, 205, 3, 7.530465
-1, 3, 202, 3, 8.444394
-1, 2, 204, 3, 20.41622
-1, 1, 198, 4, 30.855258
-1, 3, 206, 3, 9.851699
-1, 3, 206, 3, 10.097863
-1, 3, 201, 3, 9.143044
-1, 1, 173, 3, 30.252631
-1, 2, 199, 3, 16.208382
-1, 2, 203, 3, 18.621379
-1, 2, 204, 3, 18.771485
-1, 2, 175, 3, 18.147923
-1, 2, 184, 3, 18.244885
-1, 3, 189, 3, 9.980652
-1, 3, 152, 3, 5.39256
-1, 2, 177, 3, 32.124143
-1, 4, 175, 4, 15.526202
-1, 2, 190, 3, 19.477583
-1, 3, 210, 3, 8.977625
-1, 1, 116, 2, 5.317148
-1, 2, 183, 3, 16.046736
-1, 4, 175, 4, 15.362375
-1, 3, 209, 3, 12.250616
-1, 3, 204, 3, 7.568206
-1, 4, 175, 4, 19.363709
-1, 3, 198, 3, 8.307039
-1, 3, 202, 3, 9.033693
-1, 3, 204, 3, 9.67822
-1, 2, 183, 3, 15.485967
-1, 2, 173, 3, 10.397702
-1, 3, 202, 3, 8.065465
-1, 4, 187, 3, 10.98356
-1, 3, 201, 3, 9.591223
-1, 3, 171, 3, 7.030265
-1, 2, 205, 3, 18.070694
-1, 4, 175, 3, 10.92984
-1, 3, 201, 3, 7.680556
-1, 3, 182, 3, 8.309343
-1, 3, 176, 4, 10.727412
-1, 3, 206, 3, 9.599988
-1, 3, 170, 3, 9.236509
-1, 1, 170, 3, 16.267138
-1, 3, 156, 3, 7.316341
-1, 3, 172, 3, 7.679778
-1, 1, 154, 3, 28.933236
-1, 2, 188, 3, 18.908606
-1, 3, 196, 3, 9.069386
-1, 4, 209, 4, 19.588231
-1, 3, 165, 3, 8.890339
-1, 4, 182, 3, 12.861052
-1, 3, 201, 3, 10.026648
-1, 4, 202, 4, 12.56743
-1, 2, 169, 3, 21.64826
-1, 3, 192, 3, 8.714283
-1, 3, 162, 3, 6.034828
-1, 3, 206, 3, 7.721162
-1, 3, 204, 3, 9.84524
-1, 3, 200, 3, 10.45086
-1, 3, 202, 4, 11.351623
-1, 4, 197, 4, 18.084832
-1, 3, 199, 3, 8.208342
-1, 3, 204, 3, 10.255663
-1, 3, 188, 3, 6.232519
-1, 2, 179, 3, 20.397238
-1, 3, 203, 3, 9.470782
-1, 3, 202, 3, 11.379878
-1, 3, 172, 3, 6.645857
-1, 3, 204, 3, 9.488713
-1, 3, 183, 3, 6.971581
-1, 1, 174, 3, 27.400763
-1, 4, 175, 4, 10.662237
-1, 3, 178, 3, 10.71329
-1, 2, 174, 3, 17.26572
-1, 3, 204, 3, 10.120562
-1, 3, 203, 3, 8.956778
-1, 3, 203, 3, 8.515214
-1, 3, 204, 3, 10.068143
-1, 3, 206, 3, 13.079243
-1, 3, 184, 3, 6.529147
-1, 3, 207, 3, 11.062785
-1, 4, 196, 4, 13.412979
-1, 3, 208, 3, 12.89331
-1, 3, 204, 4, 11.579744
-1, 3, 204, 3, 8.094023
-1, 3, 173, 3, 9.064678
-1, 3, 203, 4, 12.345177
-1, 3, 201, 3, 9.915595
-1, 3, 195, 3, 8.832105
-1, 3, 172, 3, 7.79939
-1, 2, 198, 3, 14.646517
-1, 3, 204, 3, 11.182583
-1, 2, 178, 3, 21.340706
-1, 3, 156, 3, 7.23325
-1, 2, 200, 3, 15.82665
-1, 3, 199, 3, 8.573642
-1, 1, 192, 3, 28.735033
-1, 3, 175, 3, 9.264905
-1, 3, 172, 3, 8.958276
-1, 3, 159, 3, 6.386257
-1, 1, 170, 3, 27.405797
-1, 3, 171, 3, 7.695899
-1, 3, 190, 3, 10.635387
-1, 3, 173, 3, 7.301773
-1, 2, 174, 3, 28.209268
-1, 2, 176, 3, 23.095842
-1, 3, 161, 3, 7.015693
-1, 3, 164, 3, 6.566736
-1, 3, 155, 3, 6.731083
-1, 2, 173, 3, 22.32846
-1, 3, 191, 3, 10.274583
-1, 3, 199, 3, 7.735026
-1, 3, 189, 3, 7.418435
-1, 2, 172, 3, 22.36471
-1, 2, 186, 3, 14.576902
-1, 4, 201, 4, 18.473315
-1, 3, 201, 3, 9.228168
-1, 2, 173, 3, 22.381095
-1, 1, 205, 3, 25.081384
-1, 1, 196, 3, 41.385461
-1, 3, 183, 3, 9.316612
-1, 3, 208, 3, 9.852184
-1, 1, 176, 3, 25.954375
-1, 3, 173, 3, 6.341965
-1, 3, 158, 3, 7.51836
-1, 3, 199, 3, 9.247832
-1, 2, 177, 3, 26.731578
-1, 2, 192, 4, 27.390911
-1, 4, 173, 4, 11.030314
-1, 3, 199, 3, 8.86438
-1, 2, 191, 3, 26.787394
-1, 2, 202, 3, 23.962086
-1, 4, 203, 4, 11.989954
-1, 1, 234, 4, 53.323874
-1, 2, 201, 3, 18.598639
-1, 2, 199, 3, 19.044129
-1, 3, 205, 3, 9.414769
-1, 3, 154, 3, 6.544971
-1, 2, 209, 4, 33.001839
-1, 2, 204, 3, 18.842224
-1, 4, 207, 4, 16.614241
-1, 3, 201, 3, 10.676663
-1, 2, 206, 3, 27.323092
-1, 3, 175, 3, 7.259531
-1, 4, 212, 5, 18.531667
-1, 3, 204, 3, 8.162713
-1, 2, 203, 3, 16.544475
-1, 4, 193, 4, 9.381961
-1, 3, 200, 3, 9.502395
-1, 3, 185, 3, 7.464926
-1, 2, 205, 3, 16.561733
-1, 4, 194, 4, 11.114268
-1, 3, 189, 3, 9.766528
-1, 3, 198, 3, 9.462593
-1, 3, 176, 4, 23.320665
-1, 3, 207, 3, 9.686617
-1, 4, 209, 4, 13.454531
-1, 3, 201, 3, 10.764459
-1, 4, 204, 4, 12.931158
-1, 3, 201, 3, 8.178331
-1, 2, 186, 3, 17.476226
-1, 4, 176, 4, 16.662589
-1, 3, 208, 3, 8.165844
-1, 2, 182, 3, 17.397255
-1, 4, 178, 4, 10.518445
-1, 3, 174, 3, 9.282031
-1, 2, 203, 3, 16.008978
-1, 3, 202, 3, 11.167709
-1, 2, 185, 3, 17.796446
-1, 3, 172, 3, 10.726048
-1, 2, 206, 3, 14.413805
-1, 3, 201, 3, 10.471169
-1, 2, 168, 3, 18.656768
-1, 3, 204, 3, 9.826134
-1, 1, 199, 3, 25.079927
-1, 2, 179, 4, 19.422265
-1, 2, 196, 4, 20.985556
-1, 3, 202, 3, 7.904873
-1, 3, 203, 4, 25.021995
-1, 4, 184, 6, 23.218259
-1, 2, 191, 3, 18.247313
-1, 2, 199, 3, 20.818562
-1, 2, 184, 3, 24.710528
-1, 2, 209, 4, 25.517668
-1, 2, 177, 3, 18.573252
-1, 3, 172, 3, 11.148431
-1, 1, 206, 3, 25.592092
-1, 1, 199, 3, 29.992589
-1, 1, 204, 4, 31.549051
-1, 3, 201, 3, 8.355849
-1, 2, 176, 3, 14.211311
-1, 2, 204, 3, 17.802156
-1, 1, 177, 3, 31.741089
-1, 3, 192, 3, 8.13293
-1, 2, 174, 3, 19.802557
-1, 2, 203, 3, 17.318373
-1, 3, 153, 3, 6.739729
-1, 3, 174, 3, 20.522929
-1, 1, 170, 3, 24.040066
-1, 2, 196, 3, 16.961515
-1, 3, 206, 3, 7.959978
-1, 3, 206, 3, 8.815415
-1, 3, 181, 3, 6.978197
-1, 2, 197, 3, 20.546652
-1, 3, 178, 3, 6.774476
-1, 4, 198, 3, 11.849545
-1, 3, 200, 3, 8.082347
-1, 3, 181, 3, 7.543033
-1, 4, 200, 4, 11.596391
-1, 3, 203, 3, 9.553286
-1, 3, 195, 3, 10.773517
-1, 4, 202, 4, 15.749498
-1, 4, 207, 4, 16.73904
-1, 3, 155, 3, 6.289566
-1, 3, 200, 3, 9.07715
-1, 3, 171, 3, 6.514361
-1, 4, 210, 4, 15.490108
-1, 3, 205, 3, 8.750096
-1, 3, 182, 3, 8.825886
-1, 3, 173, 3, 5.922508
-1, 3, 204, 3, 7.747372
-1, 3, 206, 3, 9.209221
-1, 2, 190, 3, 20.116424
-1, 4, 207, 4, 21.607546
-1, 3, 190, 3, 8.673617
-1, 2, 174, 3, 24.033669
-1, 4, 207, 4, 13.031209
-1, 2, 171, 3, 8.253591
-1, 4, 196, 3, 11.118695
-1, 2, 169, 3, 18.17525
-1, 3, 206, 3, 7.751828
-1, 1, 200, 3, 25.200985
-1, 3, 187, 3, 9.186025
-1, 1, 128, 2, 10.770513
-1, 3, 204, 4, 10.402922
-1, 1, 197, 3, 25.556747
-1, 3, 189, 3, 10.218745
-1, 3, 200, 3, 10.086043
-1, 2, 208, 4, 24.773589
-1, 4, 168, 4, 10.579037
-1, 3, 204, 3, 8.862826
-1, 3, 207, 3, 8.627541
-1, 2, 204, 3, 18.976216
-1, 3, 171, 3, 5.505744
-1, 4, 190, 3, 10.324957
-1, 3, 200, 3, 8.484329
-1, 4, 176, 4, 11.581045
-1, 2, 205, 3, 22.346911
-1, 3, 203, 3, 9.495386
-1, 2, 186, 3, 19.212607
-1, 2, 201, 3, 20.170563
-1, 1, 206, 3, 31.222484
-1, 4, 209, 4, 14.33561
-1, 1, 171, 3, 17.821611
-1, 3, 172, 3, 9.092561
-1, 3, 210, 4, 22.298847
-1, 3, 200, 3, 10.795434
-1, 2, 185, 4, 21.212018
-1, 4, 178, 4, 17.473921
-1, 3, 198, 3, 11.248184
-1, 3, 210, 3, 13.287361
-1, 3, 174, 3, 8.654058
-1, 3, 198, 3, 9.156106
-1, 3, 200, 3, 13.676391
-1, 4, 182, 4, 14.744128
-1, 3, 205, 3, 9.717183
-1, 4, 205, 3, 11.337305
-1, 3, 202, 4, 12.590898
-1, 3, 174, 3, 9.133252
-1, 2, 208, 4, 22.332397
-1, 3, 200, 3, 9.797943
-1, 3, 203, 4, 14.714892
-1, 2, 180, 3, 34.268277
-1, 2, 192, 3, 17.624839
-1, 2, 191, 4, 21.429472
-1, 3, 202, 3, 12.627366
-1, 3, 161, 3, 8.394365
-1, 2, 199, 3, 17.929384
-1, 2, 187, 3, 22.435099
-1, 2, 198, 3, 20.918509
-1, 3, 190, 3, 8.239006
-1, 2, 188, 3, 19.603561
-1, 3, 203, 3, 10.116953
-1, 3, 198, 3, 13.419079
-1, 2, 190, 3, 19.572704
-1, 3, 203, 3, 10.622481
-1, 1, 131, 2, 7.754435
-1, 2, 202, 3, 22.289127
-1, 4, 208, 4, 12.598455
-1, 4, 205, 4, 12.628259
-1, 3, 173, 4, 14.12568
-1, 1, 196, 3, 27.732597
-1, 1, 170, 3, 28.478998
-1, 4, 180, 3, 15.29364
-1, 3, 187, 3, 12.364553
-1, 3, 170, 3, 5.609733
-1, 1, 175, 3, 30.068423
-1, 2, 208, 4, 22.280015
-1, 3, 189, 3, 8.241234
-1, 3, 170, 3, 5.763145
-1, 2, 176, 3, 22.239196
-1, 4, 182, 3, 13.041517
-1, 3, 202, 3, 8.829622
-1, 3, 200, 3, 8.072587
-1, 1, 127, 2, 5.575464
-1, 3, 197, 3, 9.072721
-1, 4, 207, 4, 13.043259
-1, 1, 181, 3, 17.482054
-1, 3, 170, 3, 6.252095
-1, 2, 201, 3, 18.743502
-1, 2, 206, 4, 26.276749
-1, 3, 201, 3, 10.353455
-1, 3, 183, 3, 8.068482
-1, 4, 175, 4, 16.23482
-1, 3, 177, 3, 8.897887
-1, 3, 204, 3, 10.837201
-1, 3, 202, 3, 9.804831
-1, 2, 199, 3, 18.206672
-1, 3, 202, 4, 11.89351
-1, 3, 199, 3, 8.370844
-1, 4, 188, 3, 11.079902
-1, 3, 203, 3, 9.313137
-1, 3, 206, 3, 9.701613
-1, 3, 177, 3, 7.456764
-1, 4, 208, 4, 15.200865
-1, 4, 204, 4, 18.892072
-1, 3, 187, 3, 9.529076
-1, 3, 161, 3, 6.63288
-1, 3, 206, 3, 9.052443
-1, 3, 199, 3, 9.166806
-1, 4, 197, 4, 19.97339
-1, 3, 205, 3, 8.258548
-1, 3, 202, 3, 8.173513
-1, 4, 204, 3, 11.749109
-1, 2, 195, 4, 25.146707
-1, 2, 175, 3, 18.151357
-1, 3, 173, 3, 9.00559
-1, 3, 200, 3, 9.230972
-1, 4, 206, 3, 10.030965
-1, 2, 203, 3, 20.272225
-1, 4, 182, 3, 11.472768
-1, 2, 202, 4, 23.065759
-1, 4, 208, 4, 13.279336
-1, 2, 202, 3, 20.37968
-1, 4, 195, 3, 10.621805
-1, 2, 200, 3, 16.793233
-1, 3, 201, 3, 7.827244
-1, 3, 201, 3, 10.116911
-1, 3, 201, 3, 9.337862
-1, 3, 199, 3, 8.544112
-1, 2, 203, 3, 18.721773
-1, 3, 201, 3, 8.1861
-1, 3, 208, 3, 8.828384
-1, 2, 197, 3, 20.315198
-1, 2, 193, 3, 17.944654
-1, 3, 200, 3, 8.652011
-1, 3, 201, 3, 10.280671
-1, 2, 202, 3, 20.880137
-1, 1, 203, 3, 29.322085
-1, 3, 204, 3, 11.03308
-1, 4, 205, 4, 13.411472
-1, 3, 201, 3, 10.153086
-1, 3, 188, 4, 12.392372
-1, 3, 200, 3, 10.624986
-1, 3, 204, 3, 9.152421
-1, 3, 203, 3, 8.188884
-1, 3, 192, 4, 16.407812
-1, 2, 198, 3, 18.967804
-1, 3, 179, 3, 10.58689
-1, 4, 199, 3, 12.11932
-1, 3, 201, 3, 9.112113
-1, 1, 194, 4, 26.34837
-1, 2, 184, 3, 18.137158
-1, 3, 183, 3, 6.866165
-1, 3, 180, 3, 11.188092
-1, 2, 206, 3, 21.455097
-1, 3, 192, 3, 8.490622
-1, 3, 202, 3, 9.140223
-1, 3, 179, 3, 8.053427
-1, 2, 200, 3, 20.7528
-1, 3, 180, 3, 9.062686
-1, 2, 201, 3, 20.331068
-1, 3, 155, 3, 7.152141
-1, 4, 200, 4, 15.892767
-1, 2, 183, 3, 19.171702
-1, 2, 201, 3, 19.823314
-1, 3, 177, 3, 7.590626
-1, 2, 199, 3, 19.787622
-1, 4, 206, 5, 24.401739
-1, 2, 202, 3, 18.771325
-1, 3, 189, 3, 6.642029
-1, 3, 171, 3, 5.776026
-1, 2, 180, 4, 22.897876
-1, 2, 204, 3, 18.981999
-1, 3, 188, 3, 8.818378
-1, 3, 155, 3, 5.687811
-1, 2, 195, 3, 18.994941
-1, 3, 201, 3, 8.847855
-1, 3, 175, 3, 7.333491
-1, 3, 179, 3, 7.452957
-1, 2, 212, 4, 20.417319
-1, 3, 203, 3, 9.619151
-1, 4, 211, 4, 16.301009
-1, 3, 204, 3, 8.236887
-1, 3, 209, 3, 8.911099
-1, 2, 205, 3, 21.995918
-1, 4, 184, 4, 12.039859
-1, 1, 182, 3, 16.831553
-1, 2, 190, 3, 20.195957
-1, 3, 206, 3, 8.511277
-1, 4, 196, 4, 11.98712
-1, 2, 204, 3, 21.604868
-1, 1, 175, 3, 36.903995
-1, 2, 171, 3, 22.142423
-1, 4, 179, 3, 13.454412
-1, 3, 205, 3, 9.834855
-1, 4, 200, 4, 10.832614
-1, 3, 172, 3, 10.487312
-1, 3, 201, 3, 10.68937
-1, 3, 196, 3, 8.394182
-1, 3, 175, 3, 9.375077
-1, 2, 172, 3, 21.526306
-1, 3, 205, 3, 7.825789
-1, 4, 191, 4, 7.94788
-1, 1, 116, 2, 3.603149
-1, 3, 207, 3, 8.087771
-1, 4, 204, 4, 10.801067
-1, 3, 173, 3, 6.049306
-1, 3, 205, 3, 8.390135
-1, 3, 203, 3, 9.457922
-1, 3, 206, 3, 8.150112
-1, 3, 174, 3, 7.33116
-1, 3, 186, 3, 8.089402
-1, 4, 190, 4, 12.182163
-1, 4, 186, 4, 18.094746
-1, 3, 163, 3, 6.951839
-1, 3, 204, 3, 7.77959
-1, 3, 203, 3, 8.117782
-1, 3, 172, 3, 9.859036
-1, 4, 208, 4, 15.125221
-1, 3, 186, 3, 6.90197
-1, 4, 206, 4, 14.43085
-1, 4, 185, 5, 18.115054
-1, 3, 201, 3, 10.481501
-1, 3, 201, 3, 8.718512
-1, 3, 201, 3, 8.211481
-1, 3, 175, 3, 8.924664
-1, 3, 206, 4, 11.638287
-1, 3, 203, 3, 8.834709
-1, 3, 199, 3, 7.872047
-1, 3, 182, 3, 9.239467
-1, 2, 203, 3, 20.388724
-1, 3, 204, 3, 9.959917
-1, 3, 202, 3, 9.572233
-1, 3, 203, 3, 11.362616
-1, 3, 202, 3, 8.799288
-1, 4, 177, 4, 14.913497
-1, 3, 204, 4, 11.535715
-1, 3, 159, 3, 6.995811
-1, 2, 207, 3, 21.013588
-1, 4, 206, 3, 10.458662
-1, 3, 199, 3, 9.509982
-1, 3, 198, 3, 8.877806
-1, 3, 207, 4, 11.573691
-1, 4, 203, 4, 13.22734
-1, 1, 192, 3, 30.925777
-1, 4, 214, 4, 14.726061
-1, 3, 159, 3, 5.667688
-1, 3, 192, 3, 12.181096
-1, 3, 205, 4, 10.746649
-1, 2, 207, 3, 20.180998
-1, 3, 201, 3, 9.579763
-1, 3, 177, 3, 9.835073
-1, 3, 183, 3, 6.83906
-1, 3, 202, 4, 10.254889
-1, 4, 203, 4, 12.263936
-1, 4, 173, 4, 11.826928
-1, 3, 172, 3, 7.074719
-1, 4, 206, 4, 10.844975
-1, 2, 203, 3, 18.41548
-1, 4, 204, 3, 11.111086
-1, 4, 191, 4, 25.976297
-1, 4, 209, 6, 33.119758
-1, 3, 197, 3, 10.926453
-1, 3, 180, 3, 10.440935
-1, 1, 162, 3, 27.847401
-1, 4, 195, 4, 12.821728
-1, 3, 169, 4, 18.218286
-1, 3, 194, 3, 8.132572
-1, 3, 176, 3, 11.615941
-1, 3, 199, 4, 12.600654
-1, 3, 207, 3, 9.382279
-1, 4, 250, 5, 48.459067
-1, 1, 233, 3, 36.463246
-1, 3, 196, 3, 10.022264
-1, 3, 177, 4, 19.875525
-1, 3, 207, 3, 8.762734
-1, 3, 157, 3, 7.34948
-1, 3, 169, 3, 11.145771
-1, 3, 187, 3, 6.808954
-1, 3, 201, 3, 10.878912
-1, 3, 206, 4, 19.68722
-1, 4, 175, 4, 13.610158
-1, 3, 203, 3, 8.736277
-1, 2, 202, 3, 19.667059
-1, 3, 182, 3, 21.040047
-1, 2, 190, 3, 13.730492
-1, 1, 204, 3, 29.994417
-1, 3, 205, 3, 9.769093
-1, 1, 185, 3, 23.902443
-1, 4, 202, 4, 11.365836
-1, 3, 191, 3, 7.999609
-1, 4, 188, 4, 18.233644
-1, 1, 142, 2, 32.658505
-1, 2, 186, 3, 18.949548
-1, 3, 240, 5, 37.028184
-1, 3, 188, 3, 11.930162
-1, 1, 144, 2, 31.878636
-1, 3, 176, 3, 6.315886
-1, 2, 172, 3, 22.042559
-1, 3, 200, 3, 10.346166
-1, 3, 239, 5, 42.629792
-1, 3, 199, 3, 8.430889
-1, 3, 202, 3, 9.727072
-1, 4, 176, 3, 16.738885
-1, 2, 188, 3, 43.654239
-1, 3, 204, 3, 9.546884
-1, 3, 206, 3, 8.56903
-1, 3, 209, 3, 8.453898
-1, 2, 203, 3, 15.456974
-1, 3, 168, 3, 8.759246
-1, 3, 200, 3, 10.11554
-1, 3, 176, 3, 8.318512
-1, 2, 206, 4, 18.807305
-1, 3, 191, 3, 9.500773
-1, 3, 201, 3, 12.071066
-1, 2, 189, 3, 18.312341
-1, 1, 143, 2, 33.064414
-1, 3, 185, 3, 10.156649
-1, 4, 209, 5, 22.55364
-1, 1, 175, 3, 29.054853
-1, 1, 141, 2, 32.85584
-1, 1, 187, 3, 25.265439
-1, 3, 205, 3, 11.188342
-1, 2, 176, 3, 34.508099
-1, 1, 143, 2, 33.060831
-1, 3, 172, 3, 10.338889
-1, 3, 169, 3, 7.100879
-1, 1, 175, 3, 31.783254
-1, 2, 209, 3, 36.632048
-1, 2, 198, 3, 27.070226
-1, 2, 183, 3, 17.066193
-1, 3, 182, 3, 6.892474
-1, 2, 196, 3, 36.62943
-1, 2, 199, 4, 28.007876
-1, 3, 201, 3, 8.955369
-1, 3, 208, 3, 8.837251
-1, 3, 200, 4, 17.462107
-1, 2, 208, 3, 20.128437
-1, 3, 205, 3, 9.774725
-1, 3, 189, 3, 8.324785
-1, 2, 201, 3, 36.621858
-1, 3, 177, 3, 6.068538
-1, 3, 206, 4, 12.578319
-1, 4, 205, 4, 12.42239
-1, 3, 197, 4, 18.647769
-1, 3, 189, 3, 9.203372
-1, 4, 177, 4, 13.877775
-1, 4, 201, 3, 9.851609
-1, 3, 181, 3, 6.817111
-1, 3, 182, 3, 7.583566
-1, 2, 186, 3, 18.066516
-1, 4, 197, 4, 11.735949
-1, 3, 204, 3, 10.201703
-1, 3, 173, 3, 8.372073
-1, 2, 198, 3, 19.49408
-1, 4, 178, 4, 13.724828
-1, 3, 200, 3, 9.126623
-1, 3, 208, 4, 10.987191
-1, 3, 198, 3, 10.975238
-1, 4, 176, 4, 15.501752
-1, 3, 204, 3, 8.587601
-1, 4, 183, 4, 11.375951
-1, 3, 203, 3, 10.541853
-1, 3, 205, 3, 8.707521
-1, 3, 203, 3, 10.258348
-1, 3, 205, 3, 10.825665
-1, 2, 198, 3, 20.391119
-1, 4, 214, 4, 14.580969
-1, 3, 206, 3, 8.251036
-1, 3, 206, 3, 9.474728
-1, 3, 196, 3, 9.673053
-1, 3, 194, 3, 7.611727
-1, 3, 204, 3, 8.353746
-1, 1, 200, 4, 34.379384
-1, 2, 205, 3, 20.049396
-1, 4, 207, 4, 13.663363
-1, 3, 177, 3, 7.316614
-1, 3, 188, 3, 8.492914
-1, 3, 177, 3, 6.782446
-1, 4, 252, 5, 35.645909
-1, 4, 212, 4, 13.981803
-1, 1, 192, 3, 30.83819
-1, 3, 199, 3, 8.884388
-1, 3, 209, 3, 9.891321
-1, 3, 203, 3, 9.950226
-1, 3, 203, 4, 18.128245
-1, 3, 195, 3, 8.933719
-1, 3, 195, 3, 8.843312
-1, 2, 238, 4, 55.242011
-1, 3, 201, 3, 16.265486
-1, 2, 202, 4, 25.544284
-1, 3, 179, 3, 11.023646
-1, 4, 202, 4, 13.876151
-1, 2, 197, 3, 14.169926
-1, 1, 204, 3, 22.481512
-1, 3, 187, 3, 15.174636
-1, 4, 202, 4, 10.142482
-1, 3, 197, 4, 24.30319
-1, 2, 201, 4, 24.596109
-1, 4, 182, 3, 15.267215
-1, 3, 203, 3, 9.52886
-1, 1, 127, 2, 12.452966
-1, 1, 201, 3, 22.676176
-1, 1, 186, 3, 16.870954
-1, 2, 189, 3, 18.987427
-1, 2, 172, 3, 16.146274
-1, 3, 200, 3, 8.604799
-1, 1, 161, 3, 27.859582
-1, 2, 168, 3, 17.44249
-1, 3, 201, 3, 10.455047
-1, 3, 204, 3, 11.756117
-1, 2, 190, 3, 19.185891
-1, 3, 199, 3, 7.814631
-1, 3, 204, 3, 10.12757
-1, 3, 196, 3, 9.075429
-1, 1, 171, 3, 28.219788
-1, 3, 173, 3, 11.698742
-1, 3, 205, 3, 11.301238
-1, 3, 201, 3, 10.124457
-1, 4, 205, 3, 10.412875
-1, 3, 204, 3, 8.121098
-1, 3, 198, 3, 7.484239
-1, 2, 208, 4, 22.498624
-1, 3, 206, 3, 8.880132
-1, 2, 190, 3, 16.870658
-1, 3, 181, 3, 6.226657
-1, 2, 199, 3, 17.70596
-1, 1, 195, 3, 29.231381
-1, 3, 203, 3, 7.990152
-1, 3, 208, 3, 9.444098
-1, 3, 209, 3, 8.751416
-1, 1, 116, 2, 3.939746
-1, 3, 189, 3, 7.683107
-1, 2, 195, 3, 16.996439
-1, 3, 206, 3, 10.012655
-1, 3, 187, 3, 7.026059
-1, 3, 192, 3, 8.228947
-1, 1, 115, 2, 3.993696
-1, 3, 202, 3, 9.16666
-1, 3, 206, 3, 8.954442
-1, 3, 200, 3, 8.674329
-1, 3, 201, 3, 9.374322
-1, 3, 197, 3, 10.500955
-1, 4, 209, 4, 12.739326
-1, 3, 203, 3, 9.299806
-1, 3, 186, 3, 8.666944
-1, 3, 178, 3, 6.753323
-1, 4, 212, 5, 23.058652
-1, 3, 201, 3, 9.327784
-1, 3, 206, 3, 9.473843
-1, 3, 199, 3, 9.856832
-1, 4, 171, 3, 10.130608
-1, 2, 180, 3, 27.157964
-1, 3, 199, 3, 7.87694
-1, 3, 201, 3, 9.174566
-1, 3, 206, 3, 9.291752
-1, 4, 200, 4, 12.012921
-1, 3, 204, 3, 10.04578
-1, 3, 195, 3, 8.838562
-1, 3, 199, 3, 8.821096
-1, 2, 179, 4, 18.553626
-1, 3, 208, 3, 9.939943
-1, 2, 200, 3, 18.808147
-1, 4, 206, 3, 11.229089
-1, 4, 200, 4, 11.509881
-1, 4, 199, 4, 11.230222
-1, 3, 204, 3, 8.817445
-1, 3, 175, 3, 8.511855
-1, 2, 187, 3, 15.568329
-1, 3, 178, 3, 10.198568
-1, 3, 207, 3, 9.598464
-1, 4, 207, 4, 13.400305
-1, 4, 206, 4, 14.706612
-1, 4, 187, 4, 17.12997
-1, 3, 205, 3, 9.584323
-1, 3, 172, 3, 8.035195
-1, 3, 188, 3, 18.245084
-1, 3, 204, 3, 9.209556
-1, 3, 204, 3, 8.569774
-1, 3, 202, 3, 8.14415
-1, 4, 210, 5, 20.084599
-1, 3, 208, 3, 10.571134
-1, 3, 203, 3, 10.105518
-1, 4, 204, 4, 13.245882
-1, 2, 181, 3, 16.868429
-1, 3, 210, 3, 7.889354
-1, 3, 183, 3, 7.100222
-1, 3, 202, 3, 10.056582
-1, 3, 187, 3, 7.463284
-1, 3, 202, 3, 9.565851
-1, 3, 206, 3, 10.163073
-1, 3, 200, 3, 8.078334
-1, 3, 203, 3, 9.055197
-1, 2, 190, 3, 19.946759
-1, 3, 206, 3, 8.654238
-1, 3, 169, 3, 6.118791
-1, 1, 182, 3, 16.596507
-1, 3, 179, 3, 10.140832
-1, 3, 178, 3, 7.170303
-1, 3, 182, 3, 7.400204
-1, 3, 205, 3, 9.978279
-1, 1, 189, 3, 31.162083
-1, 3, 203, 4, 10.675719
-1, 3, 177, 3, 10.177777
-1, 3, 206, 4, 13.583254
-1, 3, 208, 3, 7.656852
-1, 3, 206, 3, 10.580934
-1, 3, 206, 3, 8.061204
-1, 4, 183, 4, 11.838442
-1, 4, 206, 5, 22.645997
-1, 3, 208, 5, 26.184877
-1, 3, 158, 3, 7.821918
-1, 3, 200, 3, 9.742855
-1, 2, 194, 4, 22.523527
-1, 1, 199, 3, 43.75311
-1, 3, 201, 3, 7.70347
-1, 4, 179, 3, 10.507859
-1, 4, 194, 4, 27.871066
-1, 1, 200, 3, 56.247131
-1, 4, 207, 3, 11.125842
-1, 3, 205, 3, 9.908838
-1, 1, 1, 2, 29.380847
-1, 2, 201, 4, 53.170115
-1, 3, 175, 3, 7.669494
-1, 3, 202, 3, 8.385124
-1, 3, 187, 3, 9.523207
-1, 3, 199, 3, 8.101044
-1, 3, 175, 3, 20.5179
-1, 4, 212, 5, 27.905116
-1, 4, 206, 4, 14.323174
-1, 3, 200, 3, 10.507472
-1, 3, 173, 3, 9.204159
-1, 3, 204, 3, 8.330854
-1, 2, 1, 2, 45.746469
-1, 2, 200, 3, 20.522062
-1, 3, 210, 3, 8.964927
-1, 3, 197, 3, 7.960786
-1, 1, 1, 2, 45.710187
-1, 2, 204, 3, 17.936897
-1, 4, 201, 4, 12.211485
-1, 3, 164, 3, 7.564361
-1, 2, 192, 3, 19.960154
-1, 3, 207, 4, 33.005884
-1, 3, 206, 3, 8.996493
-1, 3, 196, 3, 8.838163
-1, 3, 177, 3, 8.651676
-1, 2, 203, 3, 18.661055
-1, 3, 203, 3, 8.991962
-1, 3, 197, 3, 9.621169
-1, 2, 198, 3, 21.996043
-1, 3, 202, 3, 8.979097
-1, 3, 172, 3, 7.845012
-1, 3, 208, 4, 16.581293
-1, 3, 196, 3, 7.745247
-1, 4, 207, 4, 15.024746
-1, 4, 198, 3, 11.665973
-1, 3, 206, 3, 8.310108
-1, 4, 206, 3, 12.126728
-1, 4, 210, 4, 15.884515
-1, 3, 172, 3, 8.106728
-1, 3, 241, 6, 44.018249
-1, 3, 181, 3, 7.373591
-1, 4, 197, 4, 20.254729
-1, 3, 175, 3, 9.508627
-1, 2, 170, 3, 21.070324
-1, 3, 199, 4, 10.422666
-1, 3, 206, 3, 9.577915
-1, 4, 203, 4, 14.685701
-1, 2, 173, 3, 21.227473
-1, 3, 173, 3, 8.275837
-1, 4, 191, 5, 15.556676
-1, 3, 185, 3, 7.025695
-1, 2, 184, 3, 19.157614
-1, 3, 204, 3, 10.40503
-1, 3, 195, 3, 9.481292
-1, 3, 204, 3, 9.456901
-1, 2, 168, 3, 18.645792
-1, 2, 208, 4, 23.428661
-1, 4, 202, 4, 12.225338
-1, 4, 209, 4, 16.08844
-1, 2, 182, 4, 24.954496
-1, 4, 209, 4, 18.170579
-1, 2, 247, 6, 45.158776
-1, 3, 210, 3, 9.336176
-1, 2, 188, 3, 20.679432
-1, 3, 180, 3, 11.467517
-1, 3, 198, 3, 8.842203
-1, 4, 210, 4, 12.541838
-1, 3, 203, 3, 7.736136
-1, 3, 200, 3, 8.95545
-1, 3, 200, 3, 9.599194
-1, 4, 191, 4, 12.120877
-1, 3, 197, 3, 9.380136
-1, 3, 204, 3, 8.9757
-1, 4, 182, 4, 12.911346
-1, 3, 201, 3, 8.477797
-1, 3, 196, 3, 7.842586
-1, 3, 200, 3, 11.156469
-1, 4, 202, 4, 11.311018
-1, 4, 183, 5, 28.791382
-1, 4, 205, 3, 9.959192
-1, 1, 176, 3, 17.331623
-1, 3, 198, 3, 9.714039
-1, 3, 172, 3, 7.074161
-1, 3, 204, 3, 8.671979
-1, 2, 200, 3, 20.694419
-1, 3, 193, 4, 10.428654
-1, 3, 183, 3, 7.124107
-1, 3, 206, 3, 9.23669
-1, 3, 191, 3, 8.06514
-1, 3, 199, 3, 8.763353
-1, 3, 207, 3, 8.632928
-1, 4, 203, 3, 11.416248
-1, 3, 204, 3, 11.027468
-1, 3, 198, 3, 8.963078
-1, 2, 195, 4, 25.68983
-1, 3, 171, 3, 7.841648
-1, 3, 184, 3, 8.793009
-1, 4, 210, 4, 16.148481
-1, 1, 190, 3, 29.912867
-1, 4, 203, 4, 12.038723
-1, 2, 177, 3, 24.749346
-1, 3, 173, 4, 11.154947
-1, 3, 183, 3, 7.276163
-1, 3, 201, 3, 7.950765
-1, 3, 204, 3, 8.382341
-1, 3, 199, 3, 8.575618
-1, 3, 191, 3, 9.835149
-1, 4, 204, 4, 15.529009
-1, 3, 202, 3, 9.61537
-1, 2, 182, 4, 20.307166
-1, 3, 200, 3, 10.079892
-1, 3, 204, 3, 9.80105
-1, 3, 171, 3, 6.316509
-1, 3, 203, 3, 9.012737
-1, 3, 201, 3, 11.130066
-1, 2, 175, 4, 20.110514
-1, 3, 203, 3, 8.496779
-1, 2, 204, 3, 19.387543
-1, 3, 204, 3, 10.368501
-1, 2, 199, 3, 16.135824
-1, 3, 201, 3, 9.077347
-1, 3, 173, 3, 7.473589
-1, 3, 201, 3, 10.570317
-1, 2, 172, 3, 29.92156
-1, 3, 200, 3, 8.375357
-1, 2, 208, 4, 34.051015
-1, 3, 196, 3, 9.235395
-1, 2, 186, 3, 23.962544
-1, 4, 199, 4, 14.184115
-1, 1, 201, 3, 30.868022
-1, 3, 172, 3, 9.963091
-1, 3, 216, 5, 28.952272
-1, 3, 203, 3, 8.009974
-1, 3, 172, 3, 6.763478
-1, 4, 176, 4, 13.784102
-1, 1, 173, 3, 27.536908
-1, 2, 195, 4, 33.171462
-1, 2, 207, 4, 32.147838
-1, 3, 195, 3, 9.649412
-1, 1, 175, 3, 39.509535
-1, 1, 180, 2, 28.788885
-1, 3, 202, 3, 8.379752
-1, 4, 182, 3, 10.436167
-1, 2, 170, 4, 17.545023
-1, 3, 196, 3, 9.855448
-1, 1, 200, 3, 29.814874
-1, 3, 192, 3, 7.298813
-1, 2, 186, 3, 18.612426
-1, 2, 201, 4, 52.993306
-1, 1, 173, 3, 22.879188
-1, 3, 196, 3, 10.104957
-1, 2, 174, 3, 21.376594
-1, 2, 159, 2, 52.944264
-1, 1, 193, 3, 22.927469
-1, 3, 201, 3, 8.179299
-1, 3, 201, 3, 10.329781
-1, 3, 205, 3, 12.028701
-1, 4, 193, 5, 15.437829
-1, 3, 201, 3, 9.495178
-1, 3, 203, 3, 9.44331
-1, 3, 203, 3, 11.507922
-1, 3, 174, 3, 7.143571
-1, 4, 257, 6, 34.12105
-1, 3, 204, 3, 10.291138
-1, 3, 204, 3, 11.503602
-1, 3, 201, 3, 14.929123
-1, 2, 206, 4, 23.386633
-1, 1, 165, 3, 17.662037
-1, 2, 193, 4, 27.17262
-1, 2, 198, 3, 24.889621
-1, 3, 201, 3, 7.886438
-1, 3, 205, 3, 8.874314
-1, 1, 183, 3, 31.222133
-1, 3, 202, 3, 9.52844
-1, 3, 176, 3, 11.895491
-1, 2, 200, 3, 21.041698
-1, 2, 191, 4, 21.209104
-1, 3, 204, 3, 8.414912
-1, 3, 203, 3, 8.479229
-1, 1, 187, 2, 17.345554
-1, 3, 173, 3, 7.215913
-1, 4, 207, 4, 15.657533
-1, 3, 189, 3, 7.963002
-1, 2, 205, 3, 20.844373
-1, 3, 201, 4, 13.772479
-1, 3, 199, 3, 8.506088
-1, 2, 202, 4, 21.696316
-1, 2, 207, 4, 23.316645
-1, 3, 205, 4, 15.54625
-1, 4, 206, 3, 12.177378
-1, 2, 178, 3, 35.173507
-1, 3, 187, 3, 11.096501
-1, 3, 174, 3, 15.597078
-1, 3, 193, 4, 18.870288
-1, 1, 115, 2, 4.140286
-1, 4, 172, 4, 10.961528
-1, 3, 200, 3, 12.342098
-1, 3, 205, 4, 10.174298
-1, 3, 172, 3, 7.565223
-1, 2, 176, 4, 33.892915
-1, 3, 200, 3, 10.940687
-1, 3, 204, 4, 10.771194
-1, 3, 190, 3, 8.292294
-1, 3, 175, 3, 10.723257
-1, 4, 203, 4, 19.567567
-1, 4, 201, 4, 12.587772
-1, 4, 204, 3, 10.617738
-1, 2, 199, 3, 20.92121
-1, 3, 199, 4, 12.936246
-1, 4, 177, 4, 8.945357
-1, 4, 210, 4, 13.349559
-1, 3, 202, 3, 8.411904
-1, 3, 197, 3, 9.848442
-1, 4, 173, 4, 9.028994
-1, 4, 172, 3, 10.244998
-1, 3, 197, 3, 7.653078
-1, 3, 204, 3, 8.364075
-1, 4, 207, 4, 13.439658
-1, 4, 206, 3, 9.7896
-1, 3, 199, 3, 7.896364
-1, 4, 202, 4, 14.168989
-1, 4, 208, 5, 29.716036
-1, 3, 204, 3, 8.973168
-1, 3, 203, 3, 9.334752
-1, 4, 206, 4, 19.078436
-1, 2, 201, 3, 14.251397
-1, 3, 203, 4, 10.780203
-1, 3, 172, 3, 9.269048
-1, 4, 190, 4, 23.549961
-1, 1, 201, 3, 23.379111
-1, 3, 202, 3, 9.285089
-1, 3, 196, 3, 11.72165
-1, 4, 202, 3, 10.141974
-1, 2, 183, 3, 21.138521
-1, 3, 208, 3, 11.219661
-1, 4, 192, 4, 17.369074
-1, 3, 204, 3, 9.769324
-1, 4, 193, 4, 12.583307
-1, 3, 188, 3, 9.610411
-1, 4, 208, 4, 18.758818
-1, 1, 144, 2, 33.617372
-1, 2, 185, 4, 27.514762
-1, 3, 209, 3, 7.70951
-1, 3, 203, 3, 9.571746
-1, 3, 206, 3, 9.837068
-1, 3, 169, 3, 7.916383
-1, 4, 206, 4, 10.51661
-1, 2, 184, 3, 19.619448
-1, 3, 204, 4, 11.115372
-1, 2, 171, 4, 24.012043
-1, 3, 198, 3, 7.84996
-1, 4, 182, 4, 11.851634
-1, 3, 202, 4, 10.141379
-1, 3, 208, 4, 7.408272
-1, 3, 201, 3, 8.779291
-1, 3, 155, 3, 7.16841
-1, 2, 193, 4, 22.905741
-1, 4, 177, 3, 7.556984
-1, 4, 210, 4, 12.136099
-1, 4, 202, 4, 10.662028
-1, 2, 1, 2, 33.310646
-1, 4, 204, 4, 14.547106
-1, 3, 197, 3, 8.773898
-1, 3, 263, 6, 34.832482
-1, 3, 205, 3, 9.232192
-1, 3, 180, 3, 8.798588
-1, 3, 208, 3, 9.922278
-1, 3, 211, 4, 15.21065
-1, 3, 185, 3, 11.095373
-1, 4, 194, 4, 17.778259
-1, 4, 175, 4, 15.079046
-1, 2, 253, 4, 34.911954
-1, 3, 200, 5, 28.243907
-1, 2, 209, 4, 13.033517
-1, 2, 175, 3, 33.033102
-1, 3, 175, 3, 8.936724
-1, 1, 182, 3, 49.522193
-1, 2, 205, 3, 18.607245
-1, 3, 197, 3, 9.395162
-1, 3, 194, 3, 9.254545
-1, 2, 194, 3, 49.510468
-1, 3, 203, 3, 9.111396
-1, 3, 172, 3, 8.324124
-1, 3, 190, 4, 10.272334
-1, 2, 190, 3, 49.417428
-1, 4, 175, 4, 11.640317
-1, 3, 204, 3, 8.630988
-1, 2, 178, 4, 23.717823
-1, 2, 189, 3, 25.94876
-1, 3, 204, 3, 10.575686
-1, 3, 172, 3, 9.026914
-1, 4, 179, 4, 16.190988
-1, 3, 200, 3, 7.884458
-1, 3, 210, 3, 9.120265
-1, 2, 203, 3, 12.522425
-1, 2, 241, 5, 67.480102
-1, 3, 204, 3, 8.63861
-1, 3, 205, 3, 9.10858
-1, 2, 206, 3, 12.208228
-1, 2, 176, 3, 32.167946
-1, 2, 191, 3, 18.592464
-1, 2, 192, 4, 24.545592
-1, 4, 207, 4, 11.890103
-1, 3, 202, 4, 12.023143
-1, 3, 183, 3, 7.100561
-1, 4, 193, 5, 17.700376
-1, 2, 204, 3, 13.680719
-1, 4, 199, 3, 9.725882
-1, 4, 205, 4, 13.810657
-1, 3, 182, 3, 6.892251
-1, 3, 173, 4, 10.684572
-1, 4, 210, 5, 20.814774
-1, 4, 210, 5, 29.429986
-1, 3, 264, 5, 30.234318
-1, 4, 184, 3, 10.630534
-1, 3, 203, 3, 8.368185
-1, 4, 207, 4, 20.401994
-1, 3, 200, 3, 9.315152
-1, 2, 200, 3, 24.468539
-1, 3, 203, 3, 8.599482
-1, 4, 201, 3, 12.005265
-1, 3, 194, 5, 22.218495
-1, 2, 203, 3, 12.012201
-1, 3, 188, 3, 7.090374
-1, 4, 207, 4, 11.313651
-1, 3, 206, 4, 18.105074
-1, 3, 207, 4, 18.817543
-1, 2, 203, 3, 18.89355
-1, 4, 209, 5, 29.17549
-1, 3, 206, 4, 18.668578
-1, 3, 202, 3, 9.3134
-1, 3, 199, 3, 8.817516
-1, 3, 202, 3, 8.26606
-1, 3, 197, 3, 15.581653
-1, 2, 205, 3, 25.029292
-1, 2, 192, 3, 19.873036
-1, 3, 205, 3, 8.979993
-1, 3, 174, 3, 6.963505
-1, 4, 183, 4, 11.088828
-1, 3, 202, 3, 8.028675
-1, 4, 203, 4, 10.692339
-1, 3, 203, 3, 8.608967
-1, 2, 207, 4, 26.538999
-1, 4, 206, 4, 10.900223
-1, 4, 180, 4, 25.425714
-1, 3, 185, 3, 7.656125
-1, 2, 180, 3, 28.153799
-1, 2, 189, 4, 23.781121
-1, 3, 181, 3, 9.170307
-1, 4, 196, 5, 16.179488
-1, 3, 198, 3, 9.813941
-1, 4, 209, 4, 14.772728
-1, 2, 192, 3, 21.038674
-1, 4, 283, 7, 54.921427
-1, 4, 202, 4, 11.097757
-1, 2, 209, 4, 21.369559
-1, 2, 206, 3, 22.321125
-1, 4, 204, 4, 18.565338
-1, 2, 175, 4, 31.555239
-1, 2, 201, 4, 34.039201
-1, 2, 205, 4, 21.10663
-1, 4, 204, 4, 11.336145
-1, 2, 204, 3, 14.152367
-1, 2, 201, 3, 33.933562
-1, 3, 196, 3, 9.478668
-1, 4, 181, 4, 12.568387
-1, 2, 178, 4, 28.169383
-1, 3, 190, 3, 8.652623
-1, 3, 186, 3, 7.2181
-1, 4, 205, 4, 10.94377
-1, 3, 204, 3, 9.558501
-1, 3, 199, 3, 8.58465
-1, 3, 201, 3, 7.864055
-1, 4, 208, 4, 17.625838
-1, 2, 206, 4, 27.688549
-1, 3, 198, 3, 9.182575
-1, 3, 190, 3, 7.07518
-1, 3, 202, 4, 10.922291
-1, 1, 172, 3, 20.946449
-1, 4, 192, 4, 14.544011
-1, 3, 192, 3, 8.715978
-1, 4, 208, 4, 15.166157
-1, 3, 204, 3, 10.516872
-1, 3, 204, 3, 8.822182
-1, 4, 200, 4, 12.755986
-1, 2, 181, 3, 25.198372
-1, 3, 171, 3, 10.886579
-1, 3, 199, 3, 8.889635
-1, 4, 213, 5, 22.985549
-1, 4, 210, 4, 17.388454
-1, 2, 178, 3, 20.96945
-1, 1, 209, 3, 28.69055
-1, 3, 188, 3, 7.991378
-1, 3, 195, 4, 17.056327
-1, 2, 173, 3, 22.580046
-1, 4, 169, 3, 12.272485
-1, 3, 206, 3, 9.935705
-1, 3, 191, 4, 13.671798
-1, 2, 206, 4, 22.125084
-1, 2, 253, 5, 44.269059
-1, 4, 206, 4, 14.286659
-1, 4, 184, 4, 9.743071
-1, 2, 174, 4, 30.292168
-1, 4, 209, 4, 15.169899
-1, 4, 207, 4, 11.40742
-1, 3, 177, 4, 13.116859
-1, 2, 204, 4, 28.007617
-1, 3, 203, 3, 9.691423
-1, 3, 187, 3, 7.470949
-1, 4, 190, 4, 9.56505
-1, 2, 204, 4, 23.566105
-1, 3, 170, 3, 10.547785
-1, 4, 207, 3, 10.517785
-1, 3, 194, 4, 7.736771
-1, 2, 205, 3, 21.213123
-1, 4, 181, 4, 15.913344
-1, 3, 209, 3, 10.329191
-1, 4, 191, 4, 11.827168
-1, 2, 179, 3, 22.679008
-1, 4, 179, 4, 20.784379
-1, 4, 205, 4, 11.291949
-1, 3, 172, 4, 12.445062
-1, 3, 208, 4, 30.509615
-1, 2, 200, 4, 19.304914
-1, 4, 212, 4, 13.412143
-1, 4, 206, 4, 12.954326
-1, 2, 201, 4, 21.511163
-1, 2, 200, 3, 17.735773
-1, 3, 202, 4, 9.562921
-1, 4, 205, 4, 8.148322
-1, 3, 208, 3, 11.827794
-1, 2, 180, 4, 32.767266
-1, 4, 204, 4, 10.881921
-1, 3, 201, 3, 10.360688
-1, 1, 204, 3, 31.31586
-1, 1, 189, 3, 24.829292
-1, 4, 190, 4, 16.14422
-1, 4, 207, 4, 9.979431
-1, 3, 202, 3, 11.255362
-1, 2, 171, 3, 28.314202
-1, 4, 205, 5, 27.438497
-1, 4, 191, 4, 8.569038
-1, 2, 202, 4, 23.049545
-1, 2, 178, 3, 31.077171
-1, 4, 183, 4, 28.561522
-1, 4, 208, 4, 9.480919
-1, 4, 199, 4, 29.817858
-1, 1, 188, 3, 25.453571
-1, 1, 195, 4, 30.609423
-1, 4, 173, 4, 11.151773
-1, 2, 181, 4, 26.938933
-1, 2, 180, 3, 34.063204
-1, 2, 212, 4, 26.011556
-1, 3, 184, 3, 10.982601
-1, 2, 186, 3, 25.234561
-1, 1, 202, 3, 28.237298
-1, 4, 203, 4, 11.741016
-1, 4, 207, 4, 12.603314
-1, 2, 194, 3, 19.360444
-1, 2, 207, 4, 29.374695
-1, 3, 186, 3, 10.775793
-1, 3, 192, 3, 9.706454
-1, 2, 185, 4, 32.892226
-1, 2, 194, 4, 32.349183
-1, 3, 184, 3, 7.185194
-1, 3, 175, 3, 10.929798
-1, 3, 196, 4, 32.514403
-1, 2, 242, 6, 74.790042
-1, 4, 199, 4, 15.141956
-1, 2, 200, 3, 19.683735
-1, 2, 176, 3, 33.245632
-1, 3, 265, 5, 41.313294
-1, 3, 199, 3, 8.232952
-1, 2, 205, 4, 21.589107
-1, 3, 204, 4, 11.500461
-1, 3, 171, 3, 21.679376
-1, 3, 178, 3, 9.958258
-1, 2, 204, 4, 23.561723
-1, 2, 189, 4, 24.034583
-1, 1, 181, 3, 26.56781
-1, 1, 174, 3, 28.466074
-1, 4, 203, 4, 21.369754
-1, 2, 205, 4, 23.416455
-1, 1, 206, 3, 26.776011
-1, 3, 183, 3, 6.791718
-1, 4, 188, 4, 9.237603
-1, 2, 207, 4, 24.039267
-1, 2, 172, 4, 18.535095
-1, 3, 204, 3, 9.011759
-1, 3, 209, 4, 7.700304
-1, 3, 196, 3, 9.856774
-1, 3, 168, 3, 11.464207
-1, 4, 205, 4, 12.419578
-1, 3, 178, 3, 8.611696
-1, 3, 203, 4, 16.767974
-1, 2, 197, 3, 19.883465
-1, 3, 188, 4, 13.051091
-1, 4, 206, 4, 15.5363
-1, 2, 209, 3, 21.698297
-1, 2, 190, 3, 17.573162
-1, 4, 206, 4, 13.751401
-1, 3, 195, 3, 9.218171
-1, 2, 175, 4, 23.44282
-1, 3, 168, 3, 8.172697
-1, 3, 204, 4, 22.908998
-1, 3, 206, 4, 7.712008
-1, 2, 205, 3, 22.285167
-1, 3, 172, 3, 8.708316
-1, 3, 208, 4, 24.585061
-1, 4, 186, 4, 14.007133
-1, 2, 176, 3, 21.309379
-1, 4, 186, 4, 11.199601
-1, 4, 187, 4, 16.07361
-1, 3, 195, 3, 8.935985
-1, 2, 206, 4, 25.163813
-1, 4, 208, 4, 11.696541
-1, 3, 178, 3, 7.419131
-1, 4, 209, 5, 27.880857
-1, 1, 207, 4, 31.900463
-1, 2, 205, 3, 16.675472
-1, 4, 183, 4, 19.934934
-1, 4, 208, 5, 13.328361
-1, 3, 204, 4, 15.034399
-1, 3, 183, 3, 9.2331
-1, 4, 201, 5, 23.349331
-1, 4, 210, 5, 30.117309
-1, 2, 200, 4, 23.315945
-1, 4, 204, 4, 10.818625
-1, 2, 215, 3, 19.07917
-1, 4, 202, 4, 21.054369
-1, 3, 241, 5, 43.637052
-1, 4, 176, 4, 16.47608
-1, 2, 205, 4, 21.322789
-1, 4, 204, 4, 13.601483
-1, 3, 183, 4, 28.797324
-1, 4, 193, 4, 12.793739
-1, 2, 197, 4, 24.73579
-1, 4, 182, 4, 13.205242
-1, 2, 209, 3, 21.496759
-1, 4, 184, 4, 29.090407
-1, 2, 189, 2, 17.328692
-1, 4, 202, 4, 16.593261
-1, 2, 187, 4, 22.059627
-1, 3, 257, 5, 36.620345
-1, 4, 189, 4, 13.550663
-1, 4, 201, 5, 21.086262
-1, 2, 205, 3, 21.279628
-1, 4, 184, 4, 32.152547
-1, 3, 197, 3, 7.948542
-1, 4, 193, 4, 10.666856
-1, 2, 180, 4, 25.975747
-1, 4, 212, 5, 23.158583
-1, 3, 198, 3, 8.166426
-1, 4, 241, 5, 28.922623
-1, 2, 179, 3, 19.079344
-1, 2, 203, 3, 20.118638
-1, 3, 198, 3, 8.818956
-1, 3, 201, 4, 13.813881
-1, 3, 200, 3, 10.867013
-1, 4, 178, 4, 18.279331
-1, 1, 203, 4, 31.39538
-1, 4, 203, 4, 15.631279
-1, 2, 208, 3, 21.709223
-1, 3, 203, 4, 10.481047
-1, 3, 198, 3, 9.026028
-1, 3, 204, 3, 9.841443
-1, 3, 177, 4, 30.881702
-1, 2, 203, 4, 22.952858
-1, 3, 262, 6, 56.051058
-1, 4, 210, 4, 7.504052
-1, 3, 177, 3, 12.800877
-1, 3, 201, 3, 8.640445
-1, 4, 205, 4, 13.410225
-1, 4, 175, 3, 8.41364
-1, 2, 177, 4, 24.041672
-1, 3, 202, 3, 8.406438
-1, 4, 207, 4, 11.32696
-1, 3, 203, 3, 9.794785
-1, 3, 204, 4, 13.042211
-1, 4, 202, 3, 10.558363
-1, 4, 176, 3, 14.898678
-1, 3, 201, 4, 23.064813
-1, 2, 206, 4, 28.24602
-1, 2, 177, 4, 27.722798
-1, 4, 195, 3, 10.211107
-1, 4, 191, 4, 9.348985
-1, 3, 192, 3, 16.345252
-1, 4, 212, 4, 16.366295
-1, 4, 200, 4, 13.67843
-1, 4, 193, 4, 10.444629
-1, 1, 196, 4, 247.473862
-1, 4, 174, 4, 14.187103
-1, 4, 200, 4, 16.256819
-1, 4, 208, 4, 16.943464
-1, 2, 202, 3, 22.121322
-1, 2, 199, 4, 18.390241
-1, 4, 207, 5, 17.827824
-1, 4, 194, 4, 9.821194
-1, 2, 232, 3, 38.311373
-1, 4, 176, 4, 15.101624
-1, 3, 201, 3, 9.49169
-1, 4, 210, 5, 21.688098
-1, 1, 195, 3, 244.32132
-1, 3, 199, 4, 20.079339
-1, 4, 201, 4, 11.211404
-1, 4, 204, 4, 13.178343
-1, 3, 182, 3, 7.341565
-1, 3, 204, 3, 9.103985
-1, 4, 205, 5, 18.443989
-1, 4, 196, 4, 13.755706
-1, 4, 174, 4, 12.701951
-1, 2, 252, 4, 48.966351
-1, 3, 186, 3, 10.398996
-1, 4, 204, 5, 22.640299
-1, 4, 191, 4, 11.132793
-1, 2, 236, 4, 45.329339
-1, 3, 200, 3, 8.79823
-1, 3, 201, 3, 11.192926
-1, 3, 211, 4, 20.475449
-1, 4, 174, 4, 14.610978
-1, 4, 201, 4, 10.752085
-1, 3, 209, 4, 10.71847
-1, 3, 207, 4, 21.186722
-1, 3, 178, 3, 7.806849
-1, 2, 193, 3, 18.495156
-1, 4, 188, 5, 26.76708
-1, 4, 203, 4, 10.888627
-1, 3, 198, 3, 8.42041
-1, 3, 201, 3, 8.241975
-1, 4, 191, 4, 14.204969
-1, 3, 207, 4, 19.605135
-1, 2, 201, 3, 14.693727
-1, 2, 203, 4, 32.497747
-1, 3, 210, 4, 11.22913
-1, 4, 192, 4, 12.46574
-1, 3, 202, 4, 21.229069
-1, 3, 171, 3, 10.78377
-1, 4, 210, 5, 16.000383
-1, 3, 205, 4, 21.941963
-1, 2, 197, 3, 13.46698
-1, 4, 199, 4, 13.077144
-1, 4, 207, 4, 16.783485
-1, 4, 210, 4, 17.197899
-1, 4, 200, 3, 10.674247
-1, 3, 185, 3, 9.450655
-1, 3, 203, 4, 10.719533
-1, 3, 208, 4, 19.103991
-1, 4, 206, 4, 13.494147
-1, 3, 186, 3, 8.278172
-1, 4, 187, 4, 17.0137
-1, 4, 175, 3, 11.57175
-1, 2, 204, 4, 24.289241
-1, 3, 201, 3, 8.189426
-1, 4, 205, 4, 13.03067
-1, 4, 175, 4, 11.030264
-1, 3, 206, 3, 7.870636
-1, 3, 200, 3, 7.982903
-1, 4, 193, 4, 8.877995
-1, 4, 181, 3, 14.7068
-1, 3, 202, 3, 9.439725
-1, 3, 203, 3, 9.040881
-1, 3, 208, 3, 10.585448
-1, 2, 183, 4, 21.561451
-1, 3, 207, 3, 8.840368
-1, 4, 198, 3, 12.225323
-1, 3, 205, 4, 10.519921
-1, 4, 182, 5, 20.035284
-1, 3, 206, 3, 11.840769
-1, 4, 202, 4, 16.984141
-1, 3, 189, 3, 5.950206
-1, 2, 196, 4, 25.046642
-1, 4, 204, 4, 16.606551
-1, 2, 206, 4, 20.53567
-1, 4, 189, 4, 8.543757
-1, 4, 189, 4, 10.972142
-1, 4, 201, 4, 16.061736
-1, 2, 177, 3, 17.605522
-1, 3, 206, 3, 8.762597
-1, 4, 211, 4, 18.884821
-1, 3, 189, 3, 6.052188
-1, 4, 190, 5, 20.898124
-1, 3, 199, 4, 12.405184
-1, 4, 198, 4, 19.892349
-1, 3, 204, 3, 9.179948
-1, 4, 208, 5, 21.294582
-1, 4, 199, 4, 17.171579
-1, 3, 205, 5, 28.116677
-1, 4, 171, 4, 9.903197
-1, 4, 194, 3, 10.254349
-1, 3, 203, 3, 11.337474
-1, 4, 205, 4, 11.237795
-1, 2, 207, 3, 19.155083
-1, 4, 178, 3, 15.54549
-1, 4, 208, 4, 12.628578
-1, 3, 199, 4, 18.732458
-1, 4, 202, 4, 11.374108
-1, 4, 203, 3, 11.264706
-1, 4, 205, 4, 13.42291
-1, 1, 171, 3, 33.225116
-1, 4, 209, 4, 12.314494
-1, 4, 199, 4, 10.716735
-1, 4, 209, 4, 8.466851
-1, 4, 200, 4, 20.39898
-1, 4, 206, 3, 9.94785
-1, 4, 198, 4, 12.38945
-1, 3, 185, 4, 10.987645
-1, 3, 197, 3, 7.648647
-1, 4, 211, 5, 26.488289
-1, 3, 204, 4, 10.111685
-1, 3, 210, 4, 16.260922
-1, 4, 176, 4, 12.319464
-1, 4, 204, 4, 12.117567
-1, 4, 199, 4, 11.653529
-1, 4, 178, 5, 15.577169
-1, 4, 200, 4, 11.899578
-1, 4, 203, 4, 11.041755
-1, 4, 203, 4, 12.731798
-1, 4, 187, 4, 20.829329
-1, 4, 199, 4, 11.507626
-1, 3, 195, 3, 9.801093
-1, 2, 177, 4, 22.816364
-1, 4, 191, 4, 18.472714
-1, 3, 193, 3, 9.418883
-1, 4, 177, 4, 18.601697
-1, 4, 200, 4, 10.596
-1, 3, 206, 4, 13.024967
-1, 4, 206, 4, 13.61721
-1, 4, 182, 4, 14.41474
-1, 3, 206, 3, 10.073217
-1, 3, 204, 4, 13.789226
-1, 4, 209, 4, 11.86192
-1, 4, 173, 4, 12.305318
-1, 2, 203, 3, 21.437394
-1, 4, 205, 4, 12.1408
-1, 4, 185, 4, 15.171048
-1, 4, 178, 4, 17.396964
-1, 3, 198, 3, 11.342792
-1, 4, 178, 4, 16.137665
-1, 4, 206, 4, 15.219105
-1, 3, 187, 3, 8.961679
-1, 3, 201, 3, 9.144419
-1, 2, 198, 4, 23.391417
-1, 3, 205, 3, 9.403404
-1, 4, 169, 4, 11.060391
-1, 3, 198, 3, 9.660452
-1, 3, 208, 4, 13.464213
-1, 4, 183, 4, 11.628262
-1, 4, 193, 4, 13.825473
-1, 3, 201, 3, 8.995704
-1, 4, 201, 4, 12.001664
-1, 4, 210, 4, 16.619787
-1, 4, 188, 4, 15.781598
-1, 3, 184, 3, 5.87693
-1, 4, 208, 4, 8.087147
-1, 3, 199, 3, 9.006466
-1, 2, 183, 3, 30.883165
-1, 2, 193, 3, 22.710263
-1, 4, 191, 4, 18.845635
-1, 3, 205, 4, 10.990667
-1, 4, 178, 4, 18.412805
-1, 2, 170, 3, 22.457612
-1, 3, 203, 3, 12.014583
-1, 4, 204, 4, 11.267154
-1, 4, 185, 4, 28.013191
-1, 4, 270, 5, 25.386448
-1, 4, 210, 4, 9.2688
-1, 4, 180, 4, 16.937972
-1, 4, 192, 4, 25.978883
-1, 3, 193, 3, 13.818213
-1, 3, 207, 3, 11.181365
-1, 4, 183, 4, 30.668654
-1, 2, 206, 3, 52.08258
-1, 3, 204, 4, 12.675707
-1, 3, 202, 3, 9.265516
-1, 4, 181, 4, 20.787263
-1, 2, 238, 4, 43.0811
-1, 3, 203, 4, 13.85041
-1, 3, 204, 3, 8.214563
-1, 3, 180, 4, 31.383801
-1, 3, 212, 2, 51.972502
-1, 4, 208, 4, 11.148884
-1, 2, 204, 3, 18.521857
-1, 2, 189, 3, 18.773746
-1, 1, 143, 2, 27.039243
-1, 4, 197, 4, 11.178562
-1, 3, 200, 3, 8.810251
-1, 1, 203, 3, 29.203426
-1, 4, 188, 4, 16.069321
-1, 2, 189, 4, 24.251546
-1, 3, 195, 3, 10.944201
-1, 4, 207, 4, 19.024116
-1, 2, 188, 3, 33.378461
-1, 3, 172, 3, 11.494652
-1, 4, 206, 4, 14.387435
-1, 4, 200, 3, 11.393229
-1, 3, 198, 4, 11.513225
-1, 4, 209, 5, 22.531501
-1, 4, 173, 4, 9.94805
-1, 4, 197, 4, 11.768832
-1, 1, 142, 2, 27.744518
-1, 4, 202, 4, 12.709779
-1, 2, 175, 4, 25.063882
-1, 3, 172, 3, 10.221495
-1, 3, 200, 3, 9.060154
-1, 3, 191, 4, 16.850786
-1, 4, 208, 4, 16.170816
-1, 3, 172, 3, 7.211397
-1, 3, 173, 3, 8.667443
-1, 3, 176, 4, 13.753487
-1, 4, 192, 5, 28.102089
-1, 4, 200, 3, 9.828898
-1, 4, 207, 4, 13.219028
-1, 3, 189, 3, 10.599756
-1, 4, 209, 5, 24.75997
-1, 3, 197, 3, 8.997449
-1, 4, 194, 4, 14.118764
-1, 4, 173, 3, 14.726196
-1, 4, 194, 4, 15.839636
-1, 4, 184, 3, 15.423246
-1, 4, 191, 4, 10.570013
-1, 1, 206, 3, 31.977744
-1, 4, 185, 4, 22.315955
-1, 4, 194, 4, 14.721737
-1, 3, 201, 3, 9.704789
-1, 3, 207, 4, 16.655827
-1, 3, 212, 4, 32.432403
-1, 4, 183, 4, 14.273197
-1, 4, 210, 4, 18.962715
-1, 3, 204, 3, 9.229809
-1, 4, 192, 4, 11.664387
-1, 4, 210, 4, 13.166332
-1, 3, 164, 3, 7.056103
-1, 1, 171, 3, 31.43271
-1, 4, 175, 4, 14.076509
-1, 4, 209, 4, 13.108432
-1, 4, 210, 4, 12.389726
-1, 4, 203, 4, 13.425318
-1, 4, 181, 5, 20.153362
-1, 4, 208, 4, 17.293445
-1, 4, 185, 4, 18.317915
-1, 4, 185, 5, 20.883781
-1, 3, 182, 3, 8.959337
-1, 3, 189, 3, 8.399964
-1, 4, 169, 3, 10.481121
-1, 4, 203, 4, 16.195363
-1, 4, 191, 4, 8.291311
-1, 4, 203, 4, 10.521207
-1, 4, 195, 4, 11.9685
-1, 3, 206, 3, 10.031586
-1, 4, 186, 4, 17.687031
-1, 3, 210, 3, 9.407593
-1, 4, 175, 4, 16.390266
-1, 3, 205, 4, 28.046925
-1, 3, 208, 4, 7.720935
-1, 4, 197, 4, 10.292405
-1, 3, 204, 3, 9.115219
-1, 4, 191, 5, 31.351889
-1, 4, 205, 4, 9.005754
-1, 3, 201, 3, 10.105764
-1, 3, 198, 3, 10.016665
-1, 4, 203, 3, 11.180957
-1, 3, 200, 3, 10.026427
-1, 4, 176, 4, 17.108166
-1, 4, 197, 3, 10.882733
-1, 3, 206, 4, 18.048322
-1, 4, 176, 4, 9.917525
-1, 4, 205, 4, 14.542719
-1, 2, 235, 3, 32.986854
-1, 4, 210, 4, 16.674495
-1, 4, 201, 4, 12.029119
-1, 4, 186, 3, 13.844768
-1, 3, 206, 4, 19.680445
-1, 1, 195, 3, 29.999667
-1, 4, 206, 4, 11.800693
-1, 4, 208, 4, 13.019072
-1, 3, 198, 4, 16.230525
-1, 4, 180, 4, 12.455504
-1, 4, 208, 4, 10.578931
-1, 4, 184, 4, 18.65343
-1, 3, 171, 4, 12.411456
-1, 2, 194, 4, 27.940784
-1, 4, 196, 4, 12.819305
-1, 3, 204, 3, 8.000344
-1, 3, 255, 5, 30.356973
-1, 3, 203, 4, 15.894514
-1, 4, 196, 4, 17.070651
-1, 2, 190, 3, 32.106808
-1, 4, 204, 4, 12.992465
-1, 4, 198, 5, 25.337938
-1, 3, 206, 4, 11.315938
-1, 4, 209, 4, 15.638201
-1, 3, 206, 4, 14.33377
-1, 4, 201, 5, 24.2401
-1, 4, 214, 4, 15.227925
-1, 3, 210, 3, 8.892611
-1, 4, 193, 4, 22.082193
-1, 4, 210, 4, 13.468889
-1, 4, 196, 4, 10.504072
-1, 1, 234, 3, 41.534213
-1, 3, 207, 4, 15.024483
-1, 3, 206, 4, 9.886649
-1, 2, 177, 3, 24.063312
-1, 4, 190, 4, 15.540249
-1, 4, 202, 4, 18.594447
-1, 4, 201, 4, 12.481275
-1, 4, 188, 4, 17.087711
-1, 2, 176, 3, 13.303134
-1, 3, 203, 4, 13.360751
-1, 4, 244, 4, 25.76775
-1, 3, 204, 3, 10.538839
-1, 1, 233, 3, 46.40449
-1, 4, 191, 4, 11.675757
-1, 4, 207, 4, 21.843692
-1, 4, 208, 4, 14.155643
-1, 4, 215, 5, 24.125408
-1, 3, 198, 4, 12.409384
-1, 2, 211, 4, 30.82701
-1, 4, 211, 4, 14.278388
-1, 2, 168, 3, 13.252096
-1, 3, 198, 4, 13.635299
-1, 3, 204, 3, 9.065538
-1, 4, 206, 3, 11.114912
-1, 2, 169, 3, 13.107882
-1, 4, 180, 4, 15.470402
-1, 3, 200, 3, 10.646054
-1, 4, 205, 4, 11.229389
-1, 3, 174, 4, 21.091475
-1, 4, 198, 4, 13.459111
-1, 4, 203, 4, 12.135578
-1, 4, 187, 4, 12.247692
-1, 4, 199, 4, 16.464947
-1, 4, 178, 4, 14.622419
-1, 3, 179, 3, 9.473444
-1, 4, 199, 3, 11.705007
-1, 3, 179, 3, 10.916142
-1, 4, 177, 4, 17.880044
-1, 4, 201, 3, 11.801067
-1, 4, 204, 4, 11.233136
-1, 4, 184, 4, 17.858556
-1, 3, 196, 3, 11.372048
-1, 3, 188, 3, 18.346998
-1, 3, 172, 3, 10.521921
-1, 4, 197, 4, 18.769317
-1, 3, 202, 3, 10.717495
-1, 4, 197, 5, 24.89918
-1, 4, 204, 4, 15.787513
-1, 3, 171, 3, 7.982776
-1, 3, 200, 4, 11.574515
-1, 3, 204, 4, 12.083319
-1, 4, 208, 4, 9.525773
-1, 4, 192, 4, 12.475373
-1, 3, 196, 3, 11.055634
-1, 4, 183, 4, 12.334253
-1, 4, 207, 4, 11.239877
-1, 4, 206, 4, 25.031756
-1, 4, 199, 3, 11.102449
-1, 4, 206, 4, 13.738419
-1, 3, 186, 3, 6.897369
-1, 4, 182, 4, 15.405273
-1, 3, 171, 4, 11.114494
-1, 4, 207, 4, 18.440353
-1, 3, 173, 4, 10.693014
-1, 2, 236, 4, 48.801321
-1, 2, 174, 3, 21.00644
-1, 4, 206, 4, 16.186911
-1, 4, 205, 4, 8.721761
-1, 1, 201, 4, 146.46153
-1, 2, 238, 4, 57.464304
-1, 4, 208, 4, 16.69843
-1, 4, 204, 4, 16.124294
-1, 4, 188, 4, 13.163581
-1, 2, 208, 2, 41.113221
-1, 4, 213, 4, 15.709016
-1, 4, 177, 4, 17.371279
-1, 4, 179, 4, 14.864175
-1, 4, 181, 4, 16.88898
-1, 4, 205, 4, 11.743568
-1, 3, 184, 3, 13.500177
-1, 3, 191, 3, 7.877237
-1, 3, 209, 4, 11.454342
-1, 4, 198, 4, 14.065633
-1, 4, 208, 4, 13.179539
-1, 4, 197, 4, 12.92259
-1, 2, 207, 3, 40.961689
-1, 4, 245, 5, 34.858414
-1, 4, 187, 4, 12.191121
-1, 4, 190, 4, 12.340533
-1, 3, 182, 3, 10.90946
-1, 2, 183, 4, 23.606591
-1, 3, 199, 4, 11.268165
-1, 4, 202, 4, 20.60871
-1, 4, 192, 4, 13.550706
-1, 2, 207, 3, 19.433328
-1, 3, 209, 4, 10.42152
-1, 3, 188, 3, 10.19792
-1, 4, 210, 4, 15.936993
-1, 2, 203, 3, 50.067371
-1, 4, 209, 4, 10.57407
-1, 2, 191, 4, 32.706184
-1, 4, 210, 5, 19.568767
-1, 4, 209, 4, 15.377975
-1, 4, 204, 4, 13.32927
-1, 2, 235, 3, 41.3325
-1, 4, 210, 4, 14.610535
-1, 4, 204, 4, 11.497234
-1, 4, 198, 3, 11.14687
-1, 1, 175, 3, 27.753069
-1, 2, 197, 4, 23.975976
-1, 2, 203, 3, 21.59959
-1, 4, 201, 5, 19.419711
-1, 1, 237, 4, 56.595412
-1, 4, 206, 4, 11.273446
-1, 4, 202, 4, 22.103451
-1, 4, 192, 4, 9.235516
-1, 2, 238, 4, 53.659222
-1, 2, 177, 4, 34.658581
-1, 4, 209, 4, 13.726516
-1, 4, 203, 4, 11.856309
-1, 2, 196, 4, 18.273821
-1, 2, 175, 4, 25.63261
-1, 4, 206, 4, 13.085864
-1, 4, 206, 4, 15.376837
-1, 3, 173, 3, 9.875459
-1, 4, 198, 4, 11.661656
-1, 2, 1, 2, 31.006487
-1, 2, 174, 4, 33.383913
-1, 2, 201, 4, 21.289031
-1, 4, 209, 5, 21.106118
-1, 2, 191, 3, 33.328038
-1, 4, 194, 4, 11.904142
-1, 2, 202, 4, 14.47719
-1, 3, 207, 3, 8.95195
-1, 2, 188, 3, 34.05765
-1, 2, 173, 3, 23.082397
-1, 2, 204, 4, 20.47624
-1, 3, 186, 4, 10.786819
-1, 2, 268, 5, 49.143807
-1, 3, 208, 4, 7.043463
-1, 4, 197, 4, 15.109851
-1, 4, 208, 4, 13.985672
-1, 4, 206, 4, 14.031827
-1, 4, 209, 4, 18.597153
-1, 4, 173, 4, 13.436226
-1, 4, 183, 3, 16.085099
-1, 3, 202, 3, 10.029754
-1, 2, 173, 4, 24.674431
-1, 3, 171, 3, 8.5584
-1, 2, 189, 3, 31.044275
-1, 4, 207, 4, 11.838681
-1, 4, 187, 4, 16.947791
-1, 3, 206, 4, 13.457738
-1, 2, 196, 4, 36.572747
-1, 3, 198, 3, 9.790561
-1, 4, 206, 4, 13.753552
-1, 2, 208, 4, 22.325815
-1, 4, 178, 4, 15.274944
-1, 4, 203, 4, 15.247867
-1, 4, 239, 5, 46.050741
-1, 3, 189, 3, 11.683967
-1, 1, 188, 3, 28.499014
-1, 4, 202, 4, 11.849314
-1, 4, 188, 4, 17.537286
-1, 4, 210, 5, 27.642264
-1, 4, 210, 4, 19.436245
-1, 3, 186, 4, 15.790963
-1, 4, 209, 4, 11.939427
-1, 3, 191, 3, 11.349442
-1, 4, 208, 4, 11.399857
-1, 2, 202, 4, 20.385567
-1, 4, 184, 4, 11.614061
-1, 2, 194, 3, 20.932962
-1, 4, 189, 4, 13.264681
-1, 4, 199, 4, 11.170521
-1, 4, 209, 5, 21.685066
-1, 3, 186, 3, 9.047038
-1, 4, 211, 4, 12.982524
-1, 3, 208, 3, 9.991067
-1, 4, 201, 4, 16.182758
-1, 3, 207, 4, 14.346324
-1, 4, 204, 4, 12.455246
-1, 4, 202, 4, 12.831008
-1, 4, 173, 4, 10.601289
-1, 2, 189, 4, 26.3383
-1, 4, 181, 4, 18.734717
-1, 3, 209, 5, 30.133785
-1, 4, 190, 4, 11.184506
-1, 4, 190, 5, 24.744496
-1, 4, 177, 4, 16.071513
-1, 3, 200, 4, 12.255629
-1, 4, 188, 4, 13.181571
-1, 4, 209, 4, 8.728959
-1, 4, 205, 4, 13.326022
-1, 4, 208, 5, 26.020918
-1, 4, 207, 4, 12.060895
-1, 4, 182, 4, 22.961266
-1, 4, 207, 4, 13.441996
-1, 4, 209, 4, 17.870692
-1, 4, 209, 4, 19.765211
-1, 4, 203, 4, 14.141707
-1, 2, 208, 4, 22.057677
-1, 3, 202, 4, 12.794191
-1, 4, 190, 4, 17.492362
-1, 4, 204, 4, 12.01983
-1, 4, 207, 4, 14.311762
-1, 4, 207, 4, 16.64765
-1, 4, 207, 4, 9.118932
-1, 3, 181, 4, 30.129441
-1, 4, 214, 5, 18.217206
-1, 4, 204, 4, 12.245684
-1, 4, 218, 5, 24.420257
-1, 3, 182, 3, 25.373228
-1, 3, 202, 4, 24.907558
-1, 3, 209, 5, 31.353413
-1, 4, 207, 4, 19.320605
-1, 4, 217, 5, 28.762021
-1, 3, 222, 5, 35.492652
-1, 3, 206, 3, 11.162045
-1, 3, 204, 3, 10.151066
-1, 4, 210, 4, 14.341888
-1, 2, 201, 4, 24.096468
-1, 4, 207, 4, 22.904718